x, y
0, 0
0.00050862667, 0.032372888
0.0010172533, 0.061329937
0.00152588, 0.088225425
0.0020345067, 0.11350012
0.0025431333, 0.13741312
0.00305176, 0.16014038
0.0035603867, 0.18181125
0.0040690133, 0.20252138
0.00457764, 0.22235175
0.0050862667, 0.2413665
0.0055948933, 0.259623
0.00610352, 0.2771685
0.0066121467, 0.29404575
0.0071207733, 0.310293
0.0076294, 0.325944
0.0081380267, 0.34103025
0.0086466533, 0.35558213
0.00915528, 0.36962438
0.0096639067, 0.38318288
0.010172533, 0.39628012
0.01068116, 0.40893863
0.011189787, 0.42117863
0.011698413, 0.43301813
0.01220704, 0.44447625
0.012715667, 0.45556763
0.013224293, 0.46630913
0.013732933, 0.4767165
0.0142416, 0.48680325
0.014750133, 0.49658175
0.0152588, 0.50606662
0.015767467, 0.51527925
0.016276, 0.524223
0.016784667, 0.53290688
0.017293333, 0.54133875
0.017801867, 0.549531
0.018310533, 0.5574915
0.0188192, 0.56522925
0.019327867, 0.57275325
0.0198364, 0.58007137
0.020345067, 0.58719038
0.020853733, 0.59411925
0.021362267, 0.60086475
0.021870933, 0.6074325
0.0223796, 0.61383038
0.022888133, 0.62011012
0.0233968, 0.626247
0.023905467, 0.63222525
0.024414133, 0.63804938
0.024922667, 0.64372725
0.025431333, 0.64926337
0.02594, 0.65466337
0.026448533, 0.65993287
0.0269572, 0.66507525
0.027465867, 0.67009612
0.0279744, 0.67499887
0.028483067, 0.679788
0.028991733, 0.68446688
0.0295004, 0.68903887
0.030008933, 0.6935085
0.0305176, 0.697878
0.031026267, 0.70215075
0.0315348, 0.70633013
0.032043467, 0.7104195
0.032552133, 0.71442112
0.033060667, 0.71833612
0.033569333, 0.72217012
0.034078, 0.72592425
0.034586667, 0.72958275
0.0350952, 0.73314563
0.035603867, 0.736632
0.036112533, 0.74004638
0.036621067, 0.74339325
0.037129733, 0.74667262
0.0376384, 0.749889
0.038146933, 0.75304238
0.0386556, 0.756135
0.039164267, 0.75917025
0.039672933, 0.762147
0.040181467, 0.76506863
0.040690133, 0.76793625
0.0411988, 0.770751
0.041707333, 0.773514
0.042216, 0.7762275
0.042724667, 0.77889263
0.0432332, 0.7815105
0.043741867, 0.78408225
0.044250533, 0.786609
0.0447592, 0.78909187
0.045267733, 0.79153312
0.0457764, 0.79393162
0.046285067, 0.79628963
0.0467936, 0.79860825
0.047302267, 0.80088863
0.047810933, 0.80313075
0.048319467, 0.80533575
0.048828133, 0.80753962
0.0493368, 0.80973337
0.049845467, 0.81188325
0.050354, 0.8139915
0.050862667, 0.8160615
0.051371333, 0.81809213
0.051879867, 0.81999787
0.052388533, 0.8217945
0.0528972, 0.823572
0.053405733, 0.82533375
0.0539144, 0.8270775
0.054423067, 0.82879987
0.054931733, 0.83050088
0.055440267, 0.83217712
0.055948933, 0.83383088
0.0564576, 0.835461
0.056966133, 0.83706975
0.0574748, 0.83863013
0.057983467, 0.84016125
0.058492, 0.8416755
0.059000667, 0.84317175
0.059509333, 0.84464887
0.060018, 0.846108
0.060526533, 0.84754687
0.0610352, 0.84896662
0.061543867, 0.85036725
0.0620524, 0.85174987
0.062561067, 0.85311337
0.063069733, 0.85445775
0.063578267, 0.85578413
0.064086933, 0.85709362
0.0645956, 0.85838512
0.065104267, 0.85965863
0.0656128, 0.86091637
0.066121467, 0.86215613
0.066630133, 0.86338012
0.067138667, 0.86458838
0.067647333, 0.86578088
0.068156, 0.86695763
0.068664533, 0.86811862
0.0691732, 0.869265
0.069681867, 0.87039675
0.070190533, 0.87151387
0.070699067, 0.87261637
0.071207733, 0.87370538
0.0717164, 0.87478088
0.072224933, 0.87584288
0.0727336, 0.87689137
0.073242267, 0.87792862
0.0737508, 0.87895237
0.074259467, 0.87996375
0.074768133, 0.88096388
0.0752768, 0.88195275
0.075785333, 0.88293037
0.076294, 0.88390013
0.076802667, 0.88488225
0.0773112, 0.8858565
0.077819867, 0.88682512
0.078328533, 0.88778025
0.078837067, 0.888723
0.079345733, 0.88965337
0.0798544, 0.89057138
0.080363067, 0.891477
0.0808716, 0.8923725
0.081380267, 0.89325563
0.081888933, 0.8941275
0.082397467, 0.89498925
0.082906133, 0.89584087
0.0834148, 0.89668238
0.083923333, 0.89751375
0.084432, 0.898335
0.084940667, 0.89914725
0.085449333, 0.89995162
0.085957867, 0.900747
0.086466533, 0.90153338
0.0869752, 0.90231187
0.087483733, 0.9030825
0.0879924, 0.90384412
0.088501067, 0.904599
0.0890096, 0.90534488
0.089518267, 0.906084
0.090026933, 0.90681525
0.0905356, 0.90753862
0.091044133, 0.90825525
0.0915528, 0.90896513
0.092061467, 0.90966825
0.09257, 0.9103635
0.093078667, 0.911052
0.093587333, 0.91173487
0.094095867, 0.912411
0.094604533, 0.91307925
0.0951132, 0.91374188
0.095621867, 0.91439775
0.0961304, 0.91504688
0.096639067, 0.91569037
0.097147733, 0.916326
0.097656267, 0.91695713
0.098164933, 0.9175815
0.0986736, 0.91820025
0.099182133, 0.91881337
0.0996908, 0.91942088
0.10019947, 0.92002275
0.10070813, 0.920619
0.10121667, 0.92120962
0.10172533, 0.92180025
0.102234, 0.922383
0.10274253, 0.92296125
0.1032512, 0.92353275
0.10375987, 0.92409975
0.1042684, 0.92466225
0.10477707, 0.92522025
0.10528573, 0.92578613
0.1057944, 0.92635537
0.10630293, 0.92692012
0.1068116, 0.92747925
0.10732027, 0.92803388
0.1078288, 0.928584
0.10833747, 0.92912737
0.10884613, 0.92966625
0.10935467, 0.93020063
0.10986333, 0.93072937
0.110372, 0.9312525
0.11088067, 0.93177225
0.1113892, 0.93228637
0.11189787, 0.932796
0.11240653, 0.93330112
0.11291507, 0.93380288
0.11342373, 0.93430013
0.1139324, 0.934794
0.11444093, 0.9352845
0.1149496, 0.9357705
0.11545827, 0.93625313
0.11596693, 0.93673238
0.11647547, 0.93720825
0.11698413, 0.93768075
0.1174928, 0.93814988
0.11800133, 0.9386145
0.11851, 0.93907688
0.11901867, 0.93953475
0.1195272, 0.93999038
0.12003587, 0.9404415
0.12054453, 0.94089037
0.1210532, 0.94133475
0.12156173, 0.94177687
0.1220704, 0.94221563
0.12257907, 0.94264988
0.1230876, 0.94308188
0.12359627, 0.9435105
0.12410493, 0.94393575
0.12461347, 0.94435875
0.12512213, 0.94477838
0.1256308, 0.94519462
0.12613947, 0.94560862
0.126648, 0.94601925
0.12715667, 0.94642763
0.12766533, 0.94683375
0.12817387, 0.94723762
0.12868253, 0.94763925
0.1291912, 0.9480375
0.12969973, 0.94843463
0.1302084, 0.94883063
0.13071707, 0.94923787
0.13122573, 0.94968337
0.13173427, 0.95012325
0.13224293, 0.95055525
0.1327516, 0.95098162
0.13326013, 0.95140463
0.13376933, 0.95182312
0.13427733, 0.95223713
0.13478667, 0.95264887
0.13529467, 0.95305838
0.13580267, 0.9534645
0.136312, 0.95386837
0.13682, 0.95427
0.13732933, 0.9546705
0.13783733, 0.95506763
0.13834667, 0.95546363
0.13885467, 0.9558585
0.139364, 0.95625788
0.139872, 0.9567495
0.14038133, 0.95724562
0.14088933, 0.95773725
0.14139867, 0.95823
0.14190667, 0.95870587
0.142416, 0.95911537
0.142924, 0.95944275
0.14343333, 0.95978362
0.14394133, 0.96013013
0.14444933, 0.96048563
0.14495867, 0.96084562
0.14546667, 0.96121013
0.145976, 0.96157687
0.146484, 0.96194587
0.14699333, 0.96231712
0.14750133, 0.9626895
0.14801067, 0.96306188
0.14851867, 0.9634365
0.149028, 0.96381113
0.149536, 0.96418575
0.15004533, 0.9645615
0.15055333, 0.96493613
0.15106267, 0.96531187
0.15157067, 0.96568763
0.15208, 0.96606337
0.152588, 0.96644138
0.153096, 0.96681937
0.15360533, 0.9671985
0.15411333, 0.96757875
0.15462267, 0.967959
0.15513067, 0.96833925
0.15564, 0.9687195
0.156148, 0.9691155
0.15665733, 0.96960488
0.15716533, 0.97007625
0.15767467, 0.9705375
0.15818267, 0.970992
0.158692, 0.97143975
0.1592, 0.971883
0.15970933, 0.97232288
0.16021733, 0.97275937
0.16072667, 0.97319362
0.16123467, 0.9736245
0.16174267, 0.97405312
0.162252, 0.9744795
0.16276, 0.97490362
0.16326933, 0.97532663
0.16377733, 0.97574737
0.16428667, 0.97616588
0.16479467, 0.97658325
0.165304, 0.97699837
0.165812, 0.97741238
0.16632133, 0.97782412
0.16682933, 0.97823475
0.16733867, 0.978642
0.16784667, 0.979047
0.168356, 0.9794475
0.168864, 0.97984575
0.16937333, 0.98024063
0.16988133, 0.98062988
0.17038933, 0.98101575
0.17089867, 0.98139487
0.17140667, 0.98176837
0.171916, 0.98213625
0.172424, 0.98249625
0.17293333, 0.98284837
0.17344133, 0.98319375
0.17395067, 0.98353238
0.17445867, 0.98386313
0.174968, 0.98418713
0.175476, 0.98450212
0.17598533, 0.98481038
0.17649333, 0.98511075
0.17700267, 0.98540325
0.17751067, 0.98568787
0.17801867, 0.98596463
0.178528, 0.98623463
0.179036, 0.98649562
0.17954533, 0.98674875
0.18005333, 0.98699287
0.18056267, 0.98722912
0.18107067, 0.9874575
0.18158, 0.987678
0.182088, 0.98789175
0.18259733, 0.98809988
0.18310533, 0.9883035
0.18361467, 0.98856338
0.18412267, 0.98887275
0.184632, 0.98925075
0.18514, 0.989604
0.18564933, 0.98992913
0.18615733, 0.99023175
0.18666533, 0.99050962
0.18717467, 0.99075488
0.18768267, 0.990972
0.188192, 0.99118238
0.1887, 0.99138375
0.18920933, 0.99157725
0.18971733, 0.99176287
0.19022667, 0.99194175
0.19073467, 0.99211613
0.191244, 0.99228487
0.191752, 0.99244912
0.19226133, 0.99261
0.19276933, 0.9927675
0.19327867, 0.99292275
0.19378667, 0.99307462
0.194296, 0.99322313
0.194804, 0.99336937
0.195312, 0.9935145
0.19582133, 0.9936495
0.19632933, 0.99378563
0.19683867, 0.99392512
0.19734667, 0.99407025
0.197856, 0.99421538
0.198364, 0.99435937
0.19887333, 0.99450338
0.19938133, 0.99464738
0.19989067, 0.99479138
0.20039867, 0.99490163
0.200908, 0.99500175
0.201416, 0.99509963
0.20192533, 0.99519863
0.20243333, 0.99529762
0.20294267, 0.99539888
0.20345067, 0.99550125
0.20395867, 0.99560362
0.204468, 0.99570825
0.204976, 0.995814
0.20548533, 0.995922
0.20599333, 0.99603
0.20650267, 0.99611888
0.20701067, 0.99618412
0.20752, 0.99626512
0.208028, 0.99635513
0.20853733, 0.99645075
0.20904533, 0.99654975
0.20955467, 0.99665212
0.21006267, 0.99675675
0.210572, 0.9968625
0.21108, 0.9969705
0.21158933, 0.99708075
0.21209733, 0.99719325
0.21260533, 0.99730688
0.21311467, 0.99742275
0.21362267, 0.99753975
0.214132, 0.997659
0.21464, 0.99777937
0.21514933, 0.99790088
0.21565733, 0.99802462
0.21616667, 0.99814838
0.21667467, 0.99827437
0.217184, 0.9984015
0.217692, 0.99852862
0.21820133, 0.998658
0.21870933, 0.9987885
0.21921867, 0.998919
0.21972667, 0.9990495
0.220236, 0.99916313
0.220744, 0.99927113
0.221252, 0.99937575
0.22176133, 0.99948037
0.22226933, 0.99959625
0.22277867, 0.99973013
0.22328667, 0.99986063
0.223796, 0.99999225
0.224304, 1.0001228
0.22481333, 1.0002521
0.22532133, 1.0003826
0.22583067, 1.0005131
0.22633867, 1.00062
0.226848, 1.0006965
0.227356, 1.0007483
0.22786533, 1.0007246
0.22837333, 1.0006796
0.22888133, 1.0006391
0.22939067, 1.0006009
0.22989867, 1.000566
0.230408, 1.0005356
0.230916, 1.0005188
0.23142533, 1.0005143
0.23193333, 1.000512
0.23244267, 1.0005075
0.23295067, 1.000503
0.23346, 1.0005008
0.233968, 1.0004985
0.23447733, 1.0004974
0.23498533, 1.0004974
0.23549467, 1.0004974
0.23600267, 1.0004996
0.236512, 1.0005019
0.23702, 1.0005053
0.237528, 1.0005098
0.23803733, 1.0005143
0.23854533, 1.0005199
0.23905467, 1.0005266
0.23956267, 1.0005345
0.240072, 1.0005435
0.24058, 1.0005548
0.24108933, 1.000566
0.24159733, 1.0005795
0.24210667, 1.0005941
0.24261467, 1.0006099
0.243124, 1.0006267
0.243632, 1.0006459
0.24414133, 1.000665
0.24464933, 1.0006864
0.24515867, 1.00071
0.24566667, 1.0007347
0.24617467, 1.0007617
0.246684, 1.0007899
0.247192, 1.000818
0.24770133, 1.0008461
0.24820933, 1.0008765
0.24871867, 1.0009091
0.24922667, 1.0009451
0.249736, 1.0009766
