x, y
0, 0
0.00050862667, 0.0290043
0.0010172533, 0.055194975
0.00152588, 0.079581037
0.0020345067, 0.10253475
0.0025431333, 0.12427875
0.00305176, 0.144963
0.0035603867, 0.16470113
0.0040690133, 0.1835775
0.00457764, 0.20166075
0.0050862667, 0.2190105
0.0055948933, 0.235674
0.00610352, 0.251694
0.0066121467, 0.26710987
0.0071207733, 0.28195425
0.0076294, 0.2962575
0.0081380267, 0.31004888
0.0086466533, 0.32335313
0.00915528, 0.33619613
0.0096639067, 0.348597
0.010172533, 0.36057937
0.01068116, 0.37216237
0.011189787, 0.38336287
0.011698413, 0.39419775
0.01220704, 0.404685
0.012715667, 0.41483925
0.013224293, 0.424674
0.013732933, 0.43420275
0.0142416, 0.44344013
0.014750133, 0.45239738
0.0152588, 0.46108463
0.015767467, 0.46951538
0.016276, 0.4776975
0.016784667, 0.48564225
0.017293333, 0.49335862
0.017801867, 0.50085563
0.018310533, 0.50814225
0.0188192, 0.51522525
0.019327867, 0.52211475
0.0198364, 0.52881638
0.020345067, 0.53533688
0.020853733, 0.541683
0.021362267, 0.54786038
0.021870933, 0.55387575
0.0223796, 0.559737
0.022888133, 0.5654475
0.0233968, 0.57101287
0.023905467, 0.57643875
0.024414133, 0.58173075
0.024922667, 0.58689112
0.025431333, 0.59192663
0.02594, 0.59684175
0.026448533, 0.60163763
0.0269572, 0.606321
0.027465867, 0.61089525
0.0279744, 0.61536375
0.028483067, 0.61972987
0.028991733, 0.62399588
0.0295004, 0.62816512
0.030008933, 0.632241
0.0305176, 0.63622575
0.031026267, 0.64012275
0.0315348, 0.64393425
0.032043467, 0.6476625
0.032552133, 0.65131087
0.033060667, 0.65488162
0.033569333, 0.65837812
0.034078, 0.66180037
0.034586667, 0.66515175
0.0350952, 0.6684345
0.035603867, 0.67164975
0.036112533, 0.67480088
0.036621067, 0.677889
0.037129733, 0.68091525
0.0376384, 0.683883
0.038146933, 0.68679338
0.0386556, 0.68964637
0.039164267, 0.6924465
0.039672933, 0.69519263
0.040181467, 0.697887
0.040690133, 0.70053188
0.0411988, 0.70312838
0.041707333, 0.70567762
0.042216, 0.70818075
0.042724667, 0.71063888
0.0432332, 0.71305425
0.043741867, 0.715428
0.044250533, 0.71776125
0.0447592, 0.72005513
0.045267733, 0.722313
0.0457764, 0.7245315
0.046285067, 0.72671175
0.0467936, 0.72885488
0.047302267, 0.730962
0.047810933, 0.73303425
0.048319467, 0.7350705
0.048828133, 0.73707413
0.0493368, 0.73904512
0.049845467, 0.74098463
0.050354, 0.742896
0.050862667, 0.744777
0.051371333, 0.74662875
0.051879867, 0.74845012
0.052388533, 0.75024112
0.0528972, 0.75200513
0.053405733, 0.75374212
0.0539144, 0.75545325
0.054423067, 0.75713738
0.054931733, 0.75879787
0.055440267, 0.7604325
0.055948933, 0.76204463
0.0564576, 0.763632
0.056966133, 0.76519687
0.0574748, 0.76674037
0.057983467, 0.76826025
0.058492, 0.76975987
0.059000667, 0.77123925
0.059509333, 0.77269725
0.060018, 0.77413612
0.060526533, 0.77555475
0.0610352, 0.77695425
0.061543867, 0.77833575
0.0620524, 0.77969925
0.062561067, 0.78104475
0.063069733, 0.78237225
0.063578267, 0.783684
0.064086933, 0.78497775
0.0645956, 0.78625575
0.065104267, 0.787518
0.0656128, 0.78876338
0.066121467, 0.78999412
0.066630133, 0.79121025
0.067138667, 0.79241175
0.067647333, 0.79359863
0.068156, 0.79477087
0.068664533, 0.79592962
0.0691732, 0.79707488
0.069681867, 0.79820662
0.070190533, 0.799326
0.070699067, 0.80043188
0.071207733, 0.80152537
0.0717164, 0.80260762
0.072224933, 0.80367637
0.0727336, 0.80473388
0.073242267, 0.80578012
0.0737508, 0.80681512
0.074259467, 0.80783888
0.074768133, 0.8088525
0.0752768, 0.80985487
0.075785333, 0.81084825
0.076294, 0.81183037
0.076802667, 0.81280238
0.0773112, 0.81376538
0.077819867, 0.81471712
0.078328533, 0.815661
0.078837067, 0.81659475
0.079345733, 0.8175195
0.0798544, 0.81843525
0.080363067, 0.819342
0.0808716, 0.82023975
0.081380267, 0.82112963
0.081888933, 0.82201163
0.082397467, 0.82288462
0.082906133, 0.82374975
0.0834148, 0.824607
0.083923333, 0.8254575
0.084432, 0.826299
0.084940667, 0.82713488
0.085449333, 0.827964
0.085957867, 0.82878525
0.086466533, 0.82960088
0.0869752, 0.83041087
0.087483733, 0.83121412
0.0879924, 0.83201063
0.088501067, 0.83280263
0.0890096, 0.83358675
0.089518267, 0.83436637
0.090026933, 0.83513925
0.0905356, 0.83590763
0.091044133, 0.83666925
0.0915528, 0.83742637
0.092061467, 0.83817675
0.09257, 0.83892263
0.093078667, 0.839664
0.093587333, 0.84039862
0.094095867, 0.84112988
0.094604533, 0.8418555
0.0951132, 0.8425755
0.095621867, 0.843291
0.0961304, 0.844002
0.096639067, 0.84470512
0.097147733, 0.84540037
0.097656267, 0.84608775
0.098164933, 0.84676725
0.0986736, 0.84743888
0.099182133, 0.84810375
0.0996908, 0.84876187
0.10019947, 0.84941325
0.10070813, 0.85005787
0.10121667, 0.85069575
0.10172533, 0.851328
0.102234, 0.85195463
0.10274253, 0.8525745
0.1032512, 0.85318875
0.10375987, 0.85379737
0.1042684, 0.8544015
0.10477707, 0.855
0.10528573, 0.855594
0.1057944, 0.85618238
0.10630293, 0.85676512
0.1068116, 0.85734338
0.10732027, 0.857916
0.1078288, 0.85848525
0.10833747, 0.85904887
0.10884613, 0.859608
0.10935467, 0.86016375
0.10986333, 0.86071388
0.110372, 0.86126063
0.11088067, 0.86180287
0.1113892, 0.86234062
0.11189787, 0.862875
0.11240653, 0.863406
0.11291507, 0.8639325
0.11342373, 0.86445563
0.1139324, 0.86497537
0.11444093, 0.86549175
0.1149496, 0.86600475
0.11545827, 0.86651438
0.11596693, 0.86702175
0.11647547, 0.86752687
0.11698413, 0.86803537
0.1174928, 0.868536
0.11800133, 0.86902875
0.11851, 0.86951362
0.11901867, 0.86999512
0.1195272, 0.870471
0.12003587, 0.87094237
0.12054453, 0.87141038
0.1210532, 0.871875
0.12156173, 0.87233512
0.1220704, 0.872793
0.12257907, 0.87324638
0.1230876, 0.8736975
0.12359627, 0.87414525
0.12410493, 0.87458962
0.12461347, 0.87503062
0.12512213, 0.87546825
0.1256308, 0.87590362
0.12613947, 0.87633675
0.126648, 0.8767665
0.12715667, 0.87719287
0.12766533, 0.877617
0.12817387, 0.87803775
0.12868253, 0.87845737
0.1291912, 0.8788725
0.12969973, 0.8792865
0.1302084, 0.87969712
0.13071707, 0.8801055
0.13122573, 0.88051163
0.13173427, 0.8809155
0.13224293, 0.881316
0.1327516, 0.88171537
0.13326013, 0.88211138
0.13376933, 0.88250513
0.13427733, 0.88289662
0.13478667, 0.88328587
0.13529467, 0.883674
0.13580267, 0.88405875
0.136312, 0.88444125
0.13682, 0.8848215
0.13732933, 0.88520063
0.13783733, 0.8855775
0.13834667, 0.88594987
0.13885467, 0.88632113
0.139364, 0.88669012
0.139872, 0.88705687
0.14038133, 0.8874225
0.14088933, 0.88778587
0.14139867, 0.888147
0.14190667, 0.888507
0.142416, 0.88886925
0.142924, 0.88922812
0.14343333, 0.88958587
0.14394133, 0.88994025
0.14444933, 0.8902935
0.14495867, 0.8906445
0.14546667, 0.89099438
0.145976, 0.891342
0.146484, 0.89168738
0.14699333, 0.89203162
0.14750133, 0.8923725
0.14801067, 0.89270662
0.14851867, 0.89304075
0.149028, 0.89337375
0.149536, 0.89370562
0.15004533, 0.89403637
0.15055333, 0.894366
0.15106267, 0.89469337
0.15157067, 0.89502075
0.15208, 0.89534587
0.152588, 0.89566987
0.153096, 0.8959905
0.15360533, 0.89631
0.15411333, 0.89662725
0.15462267, 0.8969445
0.15513067, 0.89725725
0.15564, 0.89755875
0.156148, 0.89785688
0.15665733, 0.89815388
0.15716533, 0.89844863
0.15767467, 0.89874338
0.15818267, 0.89903588
0.158692, 0.89932612
0.1592, 0.89961637
0.15970933, 0.89990437
0.16021733, 0.90019125
0.16072667, 0.90047812
0.16123467, 0.90076275
0.16174267, 0.90104625
0.162252, 0.90132862
0.16276, 0.90160988
0.16326933, 0.90189
0.16377733, 0.902169
0.16428667, 0.90244687
0.16479467, 0.9027225
0.165304, 0.90299812
0.165812, 0.9032715
0.16632133, 0.90354488
0.16682933, 0.903816
0.16733867, 0.904086
0.16784667, 0.904356
0.168356, 0.90462375
0.168864, 0.90489038
0.16937333, 0.90515588
0.16988133, 0.90542025
0.17038933, 0.9056835
0.17089867, 0.90594563
0.17140667, 0.90620775
0.171916, 0.90646763
0.172424, 0.90672638
0.17293333, 0.906984
0.17344133, 0.9072405
0.17395067, 0.90749587
0.17445867, 0.90775013
0.174968, 0.90800437
0.175476, 0.90825638
0.17598533, 0.90850725
0.17649333, 0.90875812
0.17700267, 0.90900675
0.17751067, 0.90925538
0.17801867, 0.90950175
0.178528, 0.90974813
0.179036, 0.90999225
0.17954533, 0.91023637
0.18005333, 0.91047938
0.18056267, 0.91072125
0.18107067, 0.910962
0.18158, 0.91120163
0.182088, 0.91144013
0.18259733, 0.9116775
0.18310533, 0.91191375
0.18361467, 0.91215
0.18412267, 0.912384
0.184632, 0.912618
0.18514, 0.91284975
0.18564933, 0.9130815
0.18615733, 0.91331213
0.18666533, 0.9135405
0.18717467, 0.91376775
0.18768267, 0.91399388
0.188192, 0.91422
0.1887, 0.91444387
0.18920933, 0.91466775
0.18971733, 0.9148905
0.19022667, 0.91511213
0.19073467, 0.91533375
0.191244, 0.91555312
0.191752, 0.9157725
0.19226133, 0.91598962
0.19276933, 0.91620675
0.19327867, 0.91642275
0.19378667, 0.91663875
0.194296, 0.9168525
0.194804, 0.91706512
0.195312, 0.91727775
0.19582133, 0.91748925
0.19632933, 0.91769963
0.19683867, 0.91790888
0.19734667, 0.918117
0.197856, 0.91832513
0.198364, 0.918531
0.19887333, 0.91873688
0.19938133, 0.91894162
0.19989067, 0.91914525
0.20039867, 0.91934775
0.200908, 0.91955025
0.201416, 0.91975162
0.20192533, 0.91995187
0.20243333, 0.920151
0.20294267, 0.920349
0.20345067, 0.92054587
0.20395867, 0.92074275
0.204468, 0.9209385
0.204976, 0.92113312
0.20548533, 0.92132663
0.20599333, 0.92152013
0.20650267, 0.92171138
0.20701067, 0.92190262
0.20752, 0.92209275
0.208028, 0.92228287
0.20853733, 0.92247075
0.20904533, 0.92265862
0.20955467, 0.92284537
0.21006267, 0.923031
0.210572, 0.92321662
0.21108, 0.9234
0.21158933, 0.92358338
0.21209733, 0.92376562
0.21260533, 0.92394563
0.21311467, 0.92412562
0.21362267, 0.92430563
0.214132, 0.92448337
0.21464, 0.92466112
0.21514933, 0.92483663
0.21565733, 0.92501212
0.21616667, 0.92518762
0.21667467, 0.92536088
0.217184, 0.92553412
0.217692, 0.92570625
0.21820133, 0.92587725
0.21870933, 0.92604713
0.21921867, 0.926217
0.21972667, 0.92638575
0.220236, 0.92655338
0.220744, 0.926721
0.221252, 0.9268875
0.22176133, 0.92705287
0.22226933, 0.92721712
0.22277867, 0.92738137
0.22328667, 0.9275445
0.223796, 0.92770763
0.224304, 0.9278685
0.22481333, 0.9280305
0.22532133, 0.92819025
0.22583067, 0.92835
0.22633867, 0.92850975
0.226848, 0.92866725
0.227356, 0.92882588
0.22786533, 0.92898225
0.22837333, 0.92913975
0.22888133, 0.929295
0.22939067, 0.92945025
0.22989867, 0.9296055
0.230408, 0.92975963
0.230916, 0.92991375
0.23142533, 0.93006675
0.23193333, 0.93021975
0.23244267, 0.93037275
0.23295067, 0.93052462
0.23346, 0.9306765
0.233968, 0.93082725
0.23447733, 0.93097913
0.23498533, 0.93112987
0.23549467, 0.93128175
0.23600267, 0.9314325
0.236512, 0.93158438
0.23702, 0.9317385
0.237528, 0.93189375
0.23803733, 0.93205237
0.23854533, 0.93221437
0.23905467, 0.93237075
0.23956267, 0.93252375
0.240072, 0.9326745
0.24058, 0.93282525
0.24108933, 0.932976
0.24159733, 0.9331245
0.24210667, 0.933273
0.24261467, 0.93342037
0.243124, 0.93356662
0.243632, 0.93371175
0.24414133, 0.933858
0.24464933, 0.934002
0.24515867, 0.934146
0.24566667, 0.93429
0.24617467, 0.93443288
0.246684, 0.93457575
0.247192, 0.93471975
0.24770133, 0.9348615
0.24820933, 0.93500325
0.24871867, 0.93514387
0.24922667, 0.9352845
0.249736, 0.935424
