x, y
0, 0
0.00050862667, 0.029505262
0.0010172533, 0.056131312
0.00152588, 0.080914388
0.0020345067, 0.10423654
0.0025431333, 0.12632625
0.00305176, 0.14733788
0.0035603867, 0.16738538
0.0040690133, 0.1865565
0.00457764, 0.20492213
0.0050862667, 0.22254075
0.0055948933, 0.239463
0.00610352, 0.25573163
0.0066121467, 0.27138487
0.0071207733, 0.28645875
0.0076294, 0.3009825
0.0081380267, 0.31498763
0.0086466533, 0.32849662
0.00915528, 0.34153763
0.0096639067, 0.35413088
0.010172533, 0.36629775
0.01068116, 0.37805963
0.011189787, 0.38943225
0.011698413, 0.40043587
0.01220704, 0.41108512
0.012715667, 0.42139688
0.013224293, 0.43138463
0.013732933, 0.44106187
0.0142416, 0.45044213
0.014750133, 0.45953775
0.0152588, 0.46836112
0.015767467, 0.47692237
0.016276, 0.48523162
0.016784667, 0.49330012
0.017293333, 0.50113687
0.017801867, 0.50875088
0.018310533, 0.51615
0.0188192, 0.52334437
0.019327867, 0.53034075
0.0198364, 0.537147
0.020345067, 0.54376987
0.020853733, 0.55021612
0.021362267, 0.55649138
0.021870933, 0.56260237
0.0223796, 0.56855362
0.022888133, 0.57435412
0.0233968, 0.58000725
0.023905467, 0.58551863
0.024414133, 0.59089275
0.024922667, 0.59613525
0.025431333, 0.6012495
0.02594, 0.60624113
0.026448533, 0.61111238
0.0269572, 0.61587
0.027465867, 0.62051513
0.0279744, 0.6250545
0.028483067, 0.62948925
0.028991733, 0.63378788
0.0295004, 0.63788738
0.030008933, 0.64188562
0.0305176, 0.64580512
0.031026267, 0.64964475
0.0315348, 0.65340562
0.032043467, 0.65708888
0.032552133, 0.66069787
0.033060667, 0.6642315
0.033569333, 0.66769425
0.034078, 0.67108725
0.034586667, 0.67441162
0.0350952, 0.67766962
0.035603867, 0.6808635
0.036112533, 0.68399437
0.036621067, 0.68706338
0.037129733, 0.69007275
0.0376384, 0.69302475
0.038146933, 0.6959205
0.0386556, 0.69876112
0.039164267, 0.70154775
0.039672933, 0.70428375
0.040181467, 0.706968
0.040690133, 0.70960387
0.0411988, 0.7121925
0.041707333, 0.71473387
0.042216, 0.71722913
0.042724667, 0.71968162
0.0432332, 0.72209025
0.043741867, 0.72445725
0.044250533, 0.72678487
0.0447592, 0.729072
0.045267733, 0.73132087
0.0457764, 0.73353262
0.046285067, 0.73571063
0.0467936, 0.73785262
0.047302267, 0.73995862
0.047810933, 0.74203087
0.048319467, 0.74407275
0.048828133, 0.74608087
0.0493368, 0.74805637
0.049845467, 0.74999925
0.050354, 0.75191175
0.050862667, 0.75379387
0.051371333, 0.75564562
0.051879867, 0.75746813
0.052388533, 0.7592625
0.0528972, 0.76102875
0.053405733, 0.76276913
0.0539144, 0.76448362
0.054423067, 0.76617338
0.054931733, 0.76783725
0.055440267, 0.7694775
0.055948933, 0.771093
0.0564576, 0.772686
0.056966133, 0.7742565
0.0574748, 0.7758045
0.057983467, 0.77733113
0.058492, 0.778851
0.059000667, 0.78037088
0.059509333, 0.78189188
0.060018, 0.78339038
0.060526533, 0.78486525
0.0610352, 0.78631875
0.061543867, 0.787752
0.0620524, 0.78916387
0.062561067, 0.7905555
0.063069733, 0.79192913
0.063578267, 0.79328363
0.064086933, 0.79462013
0.0645956, 0.79593863
0.065104267, 0.79724025
0.0656128, 0.798525
0.066121467, 0.79979287
0.066630133, 0.801045
0.067138667, 0.80228137
0.067647333, 0.80350312
0.068156, 0.80470913
0.068664533, 0.8059005
0.0691732, 0.80707725
0.069681867, 0.8082405
0.070190533, 0.80939025
0.070699067, 0.8105265
0.071207733, 0.81164925
0.0717164, 0.8127585
0.072224933, 0.81385538
0.0727336, 0.814941
0.073242267, 0.81601313
0.0737508, 0.81707513
0.074259467, 0.81812363
0.074768133, 0.819162
0.0752768, 0.82018912
0.075785333, 0.821205
0.076294, 0.82221075
0.076802667, 0.82320638
0.0773112, 0.82419188
0.077819867, 0.82516725
0.078328533, 0.82613138
0.078837067, 0.82708762
0.079345733, 0.82803263
0.0798544, 0.82896975
0.080363067, 0.82989675
0.0808716, 0.83081475
0.081380267, 0.83172487
0.081888933, 0.832626
0.082397467, 0.83351812
0.082906133, 0.83440237
0.0834148, 0.83527312
0.083923333, 0.8360685
0.084432, 0.836847
0.084940667, 0.83762438
0.085449333, 0.8383995
0.085957867, 0.83917125
0.086466533, 0.83993962
0.0869752, 0.84070462
0.087483733, 0.84146512
0.0879924, 0.84222225
0.088501067, 0.84297488
0.0890096, 0.84372413
0.089518267, 0.84446888
0.090026933, 0.84520913
0.0905356, 0.845946
0.091044133, 0.84667838
0.0915528, 0.84740737
0.092061467, 0.84813187
0.09257, 0.84885188
0.093078667, 0.8495685
0.093587333, 0.85028063
0.094095867, 0.85098938
0.094604533, 0.85165875
0.0951132, 0.85224712
0.095621867, 0.85284113
0.0961304, 0.85343738
0.096639067, 0.85403138
0.097147733, 0.85462538
0.097656267, 0.855216
0.098164933, 0.85580437
0.0986736, 0.8563905
0.099182133, 0.85697325
0.0996908, 0.85755262
0.10019947, 0.85812862
0.10070813, 0.85870125
0.10121667, 0.8592705
0.10172533, 0.85983637
0.102234, 0.86039775
0.10274253, 0.86095688
0.1032512, 0.86151262
0.10375987, 0.862065
0.1042684, 0.862614
0.10477707, 0.86315962
0.10528573, 0.86370188
0.1057944, 0.86424075
0.10630293, 0.86477625
0.1068116, 0.86530837
0.10732027, 0.86583713
0.1078288, 0.8663625
0.10833747, 0.8668845
0.10884613, 0.86740425
0.10935467, 0.86792063
0.10986333, 0.86843362
0.110372, 0.86894437
0.11088067, 0.86945175
0.1113892, 0.86995575
0.11189787, 0.8704575
0.11240653, 0.87097725
0.11291507, 0.87153863
0.11342373, 0.87210675
0.1139324, 0.872667
0.11444093, 0.87321375
0.1149496, 0.8737515
0.11545827, 0.87428138
0.11596693, 0.87480675
0.11647547, 0.8753265
0.11698413, 0.87584062
0.1174928, 0.87634912
0.11800133, 0.87685088
0.11851, 0.87734588
0.11901867, 0.87783525
0.1195272, 0.878319
0.12003587, 0.87879825
0.12054453, 0.87927187
0.1210532, 0.87974212
0.12156173, 0.880209
0.1220704, 0.88067138
0.12257907, 0.88113038
0.1230876, 0.881586
0.12359627, 0.88203825
0.12410493, 0.882486
0.12461347, 0.8829315
0.12512213, 0.88337363
0.1256308, 0.88381237
0.12613947, 0.88424888
0.126648, 0.88468088
0.12715667, 0.88511063
0.12766533, 0.88553813
0.12817387, 0.88596225
0.12868253, 0.886383
0.1291912, 0.8868015
0.12969973, 0.88721775
0.1302084, 0.88763062
0.13071707, 0.88804125
0.13122573, 0.88844962
0.13173427, 0.88885463
0.13224293, 0.88925738
0.1327516, 0.88965787
0.13326013, 0.890055
0.13376933, 0.89044987
0.13427733, 0.8908425
0.13478667, 0.89123175
0.13529467, 0.89161875
0.13580267, 0.8920035
0.136312, 0.892386
0.13682, 0.89276738
0.13732933, 0.89314537
0.13783733, 0.89352225
0.13834667, 0.89389575
0.13885467, 0.89426812
0.139364, 0.89463938
0.139872, 0.8950095
0.14038133, 0.89537737
0.14088933, 0.89574525
0.14139867, 0.896112
0.14190667, 0.89647538
0.142416, 0.89683763
0.142924, 0.89719763
0.14343333, 0.8975655
0.14394133, 0.89793563
0.14444933, 0.89830462
0.14495867, 0.89868263
0.14546667, 0.89906062
0.145976, 0.8994375
0.146484, 0.8998065
0.14699333, 0.90016875
0.14750133, 0.90052875
0.14801067, 0.90088537
0.14851867, 0.9012375
0.149028, 0.90158512
0.149536, 0.90192938
0.15004533, 0.90226913
0.15055333, 0.9026055
0.15106267, 0.9029385
0.15157067, 0.90326925
0.15208, 0.90359887
0.152588, 0.90392512
0.153096, 0.90424912
0.15360533, 0.90457087
0.15411333, 0.9048915
0.15462267, 0.90520537
0.15513067, 0.90548887
0.15564, 0.90575438
0.156148, 0.90599962
0.15665733, 0.90624375
0.15716533, 0.906489
0.15767467, 0.90673875
0.15818267, 0.90702563
0.158692, 0.9073395
0.1592, 0.90765337
0.15970933, 0.90796725
0.16021733, 0.90828113
0.16072667, 0.908595
0.16123467, 0.90890662
0.16174267, 0.90921712
0.162252, 0.90952538
0.16276, 0.90983137
0.16326933, 0.9101385
0.16377733, 0.91044225
0.16428667, 0.91074488
0.16479467, 0.91104412
0.165304, 0.91134225
0.165812, 0.911637
0.16632133, 0.91193062
0.16682933, 0.91222313
0.16733867, 0.91251225
0.16784667, 0.91280025
0.168356, 0.91308712
0.168864, 0.91337175
0.16937333, 0.91365412
0.16988133, 0.91393537
0.17038933, 0.91421437
0.17089867, 0.91449225
0.17140667, 0.914769
0.171916, 0.9150435
0.172424, 0.91531688
0.17293333, 0.91558912
0.17344133, 0.91585913
0.17395067, 0.916128
0.17445867, 0.91639463
0.174968, 0.91666013
0.175476, 0.9169245
0.17598533, 0.91718663
0.17649333, 0.9174465
0.17700267, 0.91770638
0.17751067, 0.917964
0.17801867, 0.9182205
0.178528, 0.91847587
0.179036, 0.918729
0.17954533, 0.918981
0.18005333, 0.91923187
0.18056267, 0.9194805
0.18107067, 0.91972912
0.18158, 0.9199755
0.182088, 0.92022075
0.18259733, 0.92046488
0.18310533, 0.92070675
0.18361467, 0.92094862
0.18412267, 0.92118825
0.184632, 0.92142675
0.18514, 0.92166412
0.18564933, 0.92190037
0.18615733, 0.9221355
0.18666533, 0.9223695
0.18717467, 0.92260125
0.18768267, 0.922833
0.188192, 0.92306138
0.1887, 0.92328975
0.18920933, 0.92351588
0.18971733, 0.923742
0.19022667, 0.92396587
0.19073467, 0.92418975
0.191244, 0.92441138
0.191752, 0.924633
0.19226133, 0.92485237
0.19276933, 0.92507063
0.19327867, 0.92528887
0.19378667, 0.92550488
0.194296, 0.92572088
0.194804, 0.92593463
0.195312, 0.92614725
0.19582133, 0.92635987
0.19632933, 0.92657025
0.19683867, 0.92678063
0.19734667, 0.92698875
0.197856, 0.92719688
0.198364, 0.92740387
0.19887333, 0.92760862
0.19938133, 0.92781337
0.19989067, 0.928017
0.20039867, 0.9282195
0.200908, 0.92842088
0.201416, 0.92862113
0.20192533, 0.92882025
0.20243333, 0.92901825
0.20294267, 0.92921513
0.20345067, 0.92941087
0.20395867, 0.92960663
0.204468, 0.92980575
0.204976, 0.9300285
0.20548533, 0.9302535
0.20599333, 0.930501
0.20650267, 0.93075525
0.20701067, 0.93100725
0.20752, 0.93126825
0.208028, 0.93152137
0.20853733, 0.93176888
0.20904533, 0.93201187
0.20955467, 0.93224925
0.21006267, 0.93248437
0.210572, 0.932715
0.21108, 0.93294225
0.21158933, 0.93316725
0.21209733, 0.93338888
0.21260533, 0.93360825
0.21311467, 0.93382537
0.21362267, 0.93403913
0.214132, 0.93425063
0.21464, 0.93445988
0.21514933, 0.934668
0.21565733, 0.93487275
0.21616667, 0.93507637
0.21667467, 0.93527662
0.217184, 0.93547575
0.217692, 0.93567375
0.21820133, 0.9358695
0.21870933, 0.936063
0.21921867, 0.93625538
0.21972667, 0.9364455
0.220236, 0.9366345
0.220744, 0.93682237
0.221252, 0.937008
0.22176133, 0.9371925
0.22226933, 0.93737475
0.22277867, 0.937557
0.22328667, 0.937737
0.223796, 0.93791588
0.224304, 0.9380925
0.22481333, 0.93826912
0.22532133, 0.9384435
0.22583067, 0.93861787
0.22633867, 0.93879
0.226848, 0.93896213
0.227356, 0.939132
0.22786533, 0.93930188
0.22837333, 0.9394695
0.22888133, 0.93963712
0.22939067, 0.93980362
0.22989867, 0.939969
0.230408, 0.94013325
0.230916, 0.9402975
0.23142533, 0.94046062
0.23193333, 0.94062262
0.23244267, 0.94078463
0.23295067, 0.9409455
0.23346, 0.94112325
0.233968, 0.94130663
0.23447733, 0.94150687
0.23498533, 0.94171612
0.23549467, 0.94192538
0.23600267, 0.94213125
0.236512, 0.94233375
0.23702, 0.94253512
0.237528, 0.94273087
0.23803733, 0.94291538
0.23854533, 0.94305937
0.23905467, 0.94319212
0.23956267, 0.94332487
0.240072, 0.94346325
0.24058, 0.943596
0.24108933, 0.94370962
0.24159733, 0.9438075
0.24210667, 0.94391325
0.24261467, 0.94402575
0.243124, 0.94414275
0.243632, 0.94426087
0.24414133, 0.94438238
0.24464933, 0.944505
0.24515867, 0.94462875
0.24566667, 0.9447525
0.24617467, 0.94487738
0.246684, 0.94500225
0.247192, 0.94512487
0.24770133, 0.9452475
0.24820933, 0.94537013
0.24871867, 0.94548825
0.24922667, 0.94560525
0.249736, 0.94572337
