x, y
0, 0
0.00090211, 8.66644e-05
0.00180422, 0.000131569
0.00270633, 0.000167458
0.00360844, 0.000198949
0.00451055, 0.000226631
0.00541266, 0.000234011
0.00631477, 0.000222791
0.00721688, 0.000216087
0.00811899, 0.000214443
0.0090211, 0.000210709
0.00992321, 0.000215321
0.0108253, 0.000220334
0.0117274, 0.000224855
0.0126295, 0.000230579
0.0135316, 0.000230282
0.0144338, 0.000233411
0.0153359, 0.00024255
0.016238, 0.000252638
0.0171401, 0.000255376
0.0180422, 0.000252196
0.0189443, 0.000249836
0.0198464, 0.000247573
0.0207485, 0.000242767
0.0216506, 0.000242558
0.0225527, 0.000237763
0.0234549, 0.000239034
0.024357, 0.000243564
0.0252591, 0.000247108
0.0261612, 0.000253008
0.0270633, 0.000252048
0.0279654, 0.000248922
0.0288675, 0.000247395
0.0297696, 0.000246034
0.0306717, 0.000250273
0.0315738, 0.000252558
0.032476, 0.000256459
0.0333781, 0.000264371
0.0342802, 0.000266206
0.0351823, 0.000266439
0.0360844, 0.000265464
0.0369865, 0.000262691
0.0378886, 0.0002664
0.0387907, 0.000269947
0.0396928, 0.000273093
0.0405949, 0.000275118
0.0414971, 0.00026986
0.0423992, 0.000265336
0.0433013, 0.00026291
0.0442034, 0.000263498
0.0451055, 0.000266262
0.0460076, 0.000267242
0.0469097, 0.000272466
0.0478118, 0.000276527
0.0487139, 0.000274762
0.049616, 0.000275262
0.0505181, 0.000270833
0.0514203, 0.000271894
0.0523224, 0.000275624
0.0532245, 0.000278113
0.0541266, 0.000282086
0.0550287, 0.000278893
0.0559308, 0.000273837
0.0568329, 0.000270945
0.057735, 0.000269212
0.0586371, 0.000272272
0.0595392, 0.000273018
0.0604414, 0.000276547
0.0613435, 0.000283044
0.0622456, 0.000282486
0.0631477, 0.000282052
0.0640498, 0.000280099
0.0649519, 0.000277127
0.065854, 0.000280414
0.0667561, 0.000283555
0.0676582, 0.000286434
0.0685603, 0.000287772
0.0694625, 0.000282713
0.0703646, 0.000278133
0.0712667, 0.000276196
0.0721688, 0.00027696
0.0730709, 0.000278557
0.073973, 0.000280204
0.0748751, 0.000286205
0.0757772, 0.000288497
0.0766793, 0.000286972
0.0775814, 0.000287461
0.0784836, 0.000282848
0.0793857, 0.000283783
0.0802878, 0.000287035
0.0811899, 0.000288926
0.082092, 0.000292293
0.0829941, 0.000288815
0.0838962, 0.000283633
0.0847983, 0.000280344
0.0857004, 0.000278976
0.0866025, 0.000281385
0.0875047, 0.000282069
0.0884068, 0.00028661
0.0893089, 0.000291715
0.090211, 0.000289618
0.0911131, 0.000288906
0.0920152, 0.000286355
0.0929173, 0.000283942
0.0938194, 0.000287231
0.0947215, 0.000289972
0.0956236, 0.000292623
0.0965257, 0.000292999
0.0974279, 0.00028811
0.09833, 0.000283281
0.0992321, 0.000281408
0.100134, 0.000282837
0.101036, 0.000283669
0.101938, 0.000286018
0.102841, 0.000292619
0.103743, 0.000293142
0.104645, 0.00029187
0.105547, 0.000291218
0.106449, 0.000286258
0.107351, 0.000287775
0.108253, 0.000290924
0.109155, 0.00029264
0.110057, 0.000295669
0.11096, 0.000291609
0.111862, 0.000286415
0.112764, 0.000283724
0.113666, 0.000283425
0.114568, 0.000285233
0.11547, 0.000286069
0.116372, 0.000291204
0.117274, 0.000295191
0.118176, 0.000293334
0.119078, 0.000292829
0.119981, 0.000289259
0.120883, 0.000288099
0.121785, 0.000291244
0.122687, 0.00029349
0.123589, 0.000296436
0.124491, 0.000295096
0.125393, 0.000290207
0.126295, 0.000285998
0.127197, 0.000284395
0.1281, 0.000286391
0.129002, 0.000286931
0.129904, 0.000290035
0.130806, 0.000295965
0.131708, 0.000294772
0.13261, 0.000293677
0.133512, 0.000292485
0.134414, 0.00028863
0.135316, 0.000291401
0.136219, 0.000294501
0.137121, 0.000296578
0.138023, 0.000298641
0.138925, 0.000293909
0.139827, 0.00028887
0.140729, 0.000286592
0.141631, 0.000287039
0.142533, 0.000288473
0.143435, 0.000289791
0.144338, 0.000295311
0.14524, 0.000297613
0.146142, 0.00029578
0.147044, 0.000295676
0.147946, 0.000291232
0.148848, 0.00029176
0.14975, 0.000294985
0.150652, 0.000296916
0.151554, 0.00030018
0.152457, 0.000297098
0.153359, 0.000292206
0.154261, 0.000288907
0.155163, 0.000287578
0.156065, 0.000289721
0.156967, 0.000290149
0.157869, 0.000294068
0.158771, 0.000299108
0.159673, 0.000297411
0.160576, 0.000296893
0.161478, 0.000294542
0.16238, 0.000291919
0.163282, 0.000294972
0.164184, 0.000297608
0.165086, 0.000300125
0.165988, 0.000300545
0.16689, 0.000295664
0.167792, 0.00029096
0.168695, 0.000288999
0.169597, 0.000290248
0.170499, 0.000291116
0.171401, 0.000293197
0.172303, 0.000299245
0.173205, 0.000299452
0.174107, 0.000297863
0.175009, 0.000297406
0.175911, 0.000292908
0.176814, 0.000294758
0.177716, 0.000297961
0.178618, 0.000299763
0.17952, 0.000302702
0.180422, 0.000298444
0.181324, 0.000293405
0.182226, 0.000290742
0.183128, 0.000290224
0.18403, 0.000292113
0.184933, 0.000292794
0.185835, 0.000297565
0.186737, 0.00030136
0.187639, 0.000299432
0.188541, 0.000298987
0.189443, 0.000295492
0.190345, 0.000294548
0.191247, 0.000297671
0.192149, 0.000299841
0.193051, 0.000302742
0.193954, 0.000301359
0.194856, 0.000296411
0.195758, 0.000292396
0.19666, 0.000290659
0.197562, 0.000292523
0.198464, 0.000292976
0.199366, 0.000296028
0.200268, 0.000301895
0.20117, 0.00030089
0.202073, 0.000299975
0.202975, 0.000298525
0.203877, 0.000294603
0.204779, 0.000297139
0.205681, 0.000300018
0.206583, 0.000301972
0.207485, 0.000303813
0.208387, 0.000299291
0.209289, 0.000294187
0.210192, 0.000291806
0.211094, 0.000292349
0.211996, 0.000293526
0.212898, 0.000294962
0.2138, 0.00030058
0.214702, 0.000302392
0.215604, 0.000300541
0.216506, 0.000300287
0.217408, 0.00029581
0.218311, 0.000296521
0.219213, 0.000299696
0.220115, 0.000301518
0.221017, 0.000304662
0.221919, 0.000301506
0.222821, 0.000296446
0.223723, 0.000293199
0.224625, 0.000292089
0.225527, 0.000294079
0.22643, 0.000294492
0.227332, 0.00029859
0.228234, 0.000303248
0.229136, 0.000301337
0.230038, 0.000300794
0.23094, 0.000298203
0.231842, 0.000295952
0.232744, 0.000299064
0.233646, 0.000301567
0.234549, 0.000304104
0.235451, 0.000304056
0.236353, 0.000299211
0.237255, 0.000294535
0.238157, 0.000292678
0.239059, 0.000294007
0.239961, 0.000294713
0.240863, 0.000296914
0.241765, 0.000303024
0.242668, 0.000302961
0.24357, 0.000301665
0.244472, 0.000300846
0.245374, 0.000296332
0.246276, 0.000298319
0.247178, 0.000301362
0.24808, 0.000303076
0.248982, 0.000305778
0.249884, 0.00030141
0.250787, 0.000296291
0.251689, 0.00029382
0.252591, 0.000293613
0.253493, 0.000295153
0.254395, 0.000296069
0.255297, 0.000301073
0.256199, 0.000304385
0.257101, 0.000302588
0.258003, 0.000302103
0.258906, 0.000298298
0.259808, 0.000297736
0.26071, 0.000300771
0.261612, 0.000302753
0.262514, 0.000305716
0.263416, 0.000303722
0.264318, 0.000298731
0.26522, 0.000295046
0.266122, 0.000293521
0.267024, 0.000295424
0.267927, 0.000295793
0.268829, 0.00029924
0.269731, 0.000304623
0.270633, 0.000302964
0.271535, 0.000302083
0.272437, 0.000300398
0.273339, 0.000297083
0.274241, 0.000299945
0.275143, 0.000302755
0.276046, 0.000304873
0.276948, 0.000306118
0.27785, 0.000301416
0.278752, 0.000296448
0.279654, 0.000294325
0.280556, 0.000295164
0.281458, 0.000296141
0.28236, 0.000297797
0.283262, 0.000303677
0.284165, 0.00030477
0.285067, 0.000303103
0.285969, 0.000302807
0.286871, 0.000298155
0.287773, 0.000299266
0.288675, 0.000302375
0.289577, 0.000304061
0.290479, 0.000307129
0.291381, 0.000303589
0.292284, 0.000298515
0.293186, 0.000295484
0.294088, 0.00029459
0.29499, 0.000296526
0.295892, 0.000297007
0.296794, 0.00030144
0.297696, 0.000305785
0.298598, 0.000304054
0.2995, 0.00030356
0.300403, 0.000300418
0.301305, 0.000298641
0.302207, 0.000301606
0.303109, 0.000303837
0.304011, 0.000306474
0.304913, 0.000305797
0.305815, 0.000300905
0.306717, 0.000296554
0.307619, 0.000294834
0.308522, 0.000296417
0.309424, 0.000296938
0.310326, 0.000299542
0.311228, 0.000305619
0.31213, 0.000304939
0.313032, 0.000303849
0.313934, 0.000302672
0.314836, 0.000298437
0.315738, 0.000300768
0.316641, 0.000303692
0.317543, 0.000305483
0.318445, 0.000307692
0.319347, 0.000303105
0.320249, 0.000298056
0.321151, 0.00029576
0.322053, 0.000295874
0.322955, 0.000297136
0.323857, 0.000298352
0.32476, 0.000303707
0.325662, 0.000305926
0.326564, 0.0003038
0.327466, 0.000303356
0.328368, 0.000299409
0.32927, 0.000299796
0.330172, 0.000303017
0.331074, 0.000304928
0.331976, 0.000308048
0.332879, 0.000305223
0.333781, 0.00030027
0.334683, 0.000296822
0.335585, 0.000295541
0.336487, 0.000297497
0.337389, 0.000297886
0.338291, 0.000301691
0.339193, 0.000306674
0.340095, 0.000304991
0.340998, 0.000304411
0.3419, 0.000302082
0.342802, 0.0002993
0.343704, 0.000302194
0.344606, 0.00030474
0.345508, 0.000307036
0.34641, 0.000307333
0.347312, 0.000302581
0.348214, 0.000297824
0.349116, 0.000295903
0.350019, 0.000297106
0.350921, 0.000297774
0.351823, 0.000299889
0.352725, 0.000305935
0.353627, 0.000306321
0.354529, 0.000305021
0.355431, 0.00030443
0.356333, 0.000299689
0.357235, 0.000301205
0.358138, 0.00030418
0.35904, 0.000305789
0.359942, 0.000308627
0.360844, 0.00030441
0.361746, 0.000299375
0.362648, 0.00029677
0.36355, 0.000296431
0.364452, 0.000298062
0.365354, 0.000298763
0.366257, 0.000303698
0.367159, 0.000307201
0.368061, 0.000305239
0.368963, 0.000304681
0.369865, 0.000301138
0.370767, 0.000300355
0.371669, 0.000303411
0.372571, 0.000305481
0.373473, 0.000308333
0.374376, 0.000306697
0.375278, 0.000301759
0.37618, 0.000297816
0.377082, 0.000296275
0.377984, 0.000298061
0.378886, 0.000298474
0.379788, 0.000301678
0.38069, 0.000307167
0.381592, 0.000305654
0.382495, 0.000304693
0.383397, 0.000303135
0.384299, 0.000299658
0.385201, 0.000302467
0.386103, 0.000305317
0.387005, 0.000307332
0.387907, 0.000308864
0.388809, 0.000304158
0.389711, 0.000299198
0.390614, 0.00029706
0.391516, 0.000297772
0.392418, 0.000298743
0.39332, 0.000300277
0.394222, 0.000306051
0.395124, 0.000307364
0.396026, 0.000305673
0.396928, 0.000305324
0.39783, 0.000300782
0.398733, 0.000301736
0.399635, 0.000304789
0.400537, 0.000306471
0.401439, 0.000309507
0.402341, 0.000305994
0.403243, 0.00030106
0.404145, 0.000298002
0.405047, 0.00029704
0.405949, 0.000298903
0.406852, 0.000299362
0.407754, 0.000303718
0.408656, 0.000308105
0.409558, 0.000306372
0.41046, 0.000305885
0.411362, 0.000302904
0.412264, 0.00030092
0.413166, 0.000303837
0.414068, 0.000306088
0.414971, 0.000308609
0.415873, 0.000308209
0.416775, 0.000303465
0.417677, 0.00029896
0.418579, 0.000297186
0.419481, 0.000298752
0.420383, 0.000299254
0.421285, 0.000301766
0.422187, 0.000307836
0.423089, 0.000307256
0.423992, 0.00030612
0.424894, 0.00030504
0.425796, 0.000300734
0.426698, 0.000302928
0.4276, 0.000305846
0.428502, 0.000307563
0.429404, 0.000309841
0.430306, 0.000305409
0.431208, 0.000300312
0.432111, 0.000297999
0.433013, 0.00029804
0.433915, 0.000299307
0.434817, 0.00030047
0.435719, 0.000305742
0.436621, 0.000308045
0.437523, 0.000305916
0.438425, 0.000305402
0.439327, 0.000301568
0.44023, 0.000301845
0.441132, 0.000305047
0.442034, 0.000306961
0.442936, 0.000310042
0.443838, 0.00030737
0.44474, 0.000302475
0.445642, 0.000298961
0.446544, 0.000297678
0.447446, 0.000299578
0.448349, 0.000299946
0.449251, 0.000303686
0.450153, 0.000308667
0.451055, 0.000306987
0.451957, 0.00030639
0.452859, 0.000304111
0.453761, 0.000301307
0.454663, 0.000304174
0.455565, 0.000306725
0.456468, 0.000308974
0.45737, 0.000309359
0.458272, 0.000304656
0.459174, 0.000299883
0.460076, 0.000297966
0.460978, 0.000299113
0.46188, 0.000299747
0.462782, 0.000301838
0.463684, 0.000307851
0.464587, 0.000308268
0.465489, 0.00030696
0.466391, 0.00030637
0.467293, 0.000301656
0.468195, 0.000303125
0.469097, 0.000306076
0.469999, 0.000307655
0.470901, 0.000310475
0.471803, 0.00030629
0.472706, 0.000301266
0.473608, 0.000298652
0.47451, 0.000298331
0.475412, 0.000299945
0.476314, 0.000300645
0.477216, 0.000305561
0.478118, 0.00030904
0.47902, 0.000307067
0.479922, 0.000306492
0.480825, 0.000302973
0.481727, 0.000302171
0.482629, 0.000305197
0.483531, 0.000307251
0.484433, 0.000310074
0.485335, 0.000308439
0.486237, 0.000303512
0.487139, 0.000299579
0.488041, 0.000298059
0.488944, 0.000299855
0.489846, 0.000300251
0.490748, 0.000303495
0.49165, 0.000308923
0.492552, 0.000307382
0.493454, 0.00030642
0.494356, 0.000304868
0.495258, 0.00030141
0.49616, 0.000304197
0.497062, 0.00030702
0.497965, 0.000309014
0.498867, 0.000310515
0.499769, 0.000305825
0.500671, 0.000300879
0.501573, 0.000298768
0.502475, 0.000299492
0.503377, 0.000300436
0.504279, 0.000301986
0.505181, 0.000307774
0.506084, 0.000309015
0.506986, 0.000307336
0.507888, 0.000306978
0.50879, 0.000302448
0.509692, 0.000303404
0.510594, 0.000306439
0.511496, 0.000308095
0.512398, 0.000311108
0.5133, 0.000307576
0.514203, 0.000302649
0.515105, 0.000299612
0.516007, 0.000298735
0.516909, 0.000300536
0.517811, 0.000301002
0.518713, 0.00030536
0.519615, 0.000309707
0.520517, 0.000307987
0.521419, 0.000307492
0.522322, 0.000304479
0.523224, 0.000302539
0.524126, 0.000305429
0.525028, 0.000307649
0.52593, 0.000310167
0.526832, 0.000309628
0.527734, 0.000304812
0.528636, 0.000300421
0.529538, 0.000298717
0.530441, 0.00030025
0.531343, 0.000300742
0.532245, 0.000303328
0.533147, 0.000309333
0.534049, 0.00030866
0.534951, 0.000307568
0.535853, 0.000306449
0.536755, 0.000302209
0.537657, 0.000304468
0.53856, 0.00030735
0.539462, 0.00030907
0.540364, 0.000311271
0.541266, 0.000306735
0.542168, 0.000301701
0.54307, 0.000299441
0.543972, 0.000299482
0.544874, 0.000300687
0.545776, 0.000301919
0.546679, 0.000307264
0.547581, 0.000309416
0.548483, 0.000307302
0.549385, 0.000306813
0.550287, 0.00030293
0.551189, 0.0003033
0.552091, 0.000306482
0.552993, 0.000308358
0.553895, 0.000311407
0.554798, 0.000308617
0.5557, 0.000303716
0.556602, 0.000300291
0.557504, 0.000299075
0.558406, 0.000300955
0.559308, 0.000301324
0.56021, 0.000305144
0.561112, 0.000310052
0.562014, 0.000308345
0.562917, 0.000307757
0.563819, 0.000305422
0.564721, 0.000302691
0.565623, 0.000305562
0.566525, 0.000308052
0.567427, 0.000310317
0.568329, 0.000310661
0.569231, 0.000306009
0.570133, 0.000301214
0.571036, 0.00029927
0.571938, 0.000300475
0.57284, 0.000301087
0.573742, 0.000303222
0.574644, 0.000309232
0.575546, 0.000309532
0.576448, 0.000308289
0.57735, 0.000307611
0.578252, 0.000302922
0.579154, 0.000304472
0.580057, 0.000307396
0.580959, 0.000308974
0.581861, 0.000311727
0.582763, 0.000307561
0.583665, 0.00030249
0.584567, 0.000299961
0.585469, 0.000299659
0.586371, 0.0003012
0.587273, 0.000301952
0.588176, 0.000306899
0.589078, 0.000310234
0.58998, 0.000308267
0.590882, 0.00030768
0.591784, 0.000304122
0.592686, 0.00030347
0.593588, 0.000306507
0.59449, 0.000308517
0.595392, 0.000311376
0.596295, 0.000309539
0.597197, 0.000304568
0.598099, 0.000300819
0.599001, 0.000299358
0.599903, 0.000301144
0.600805, 0.000301518
0.601707, 0.000304877
0.602609, 0.000310185
0.603511, 0.000308542
0.604414, 0.000307638
0.605316, 0.000306017
0.606218, 0.000302693
0.60712, 0.000305498
0.608022, 0.000308263
0.608924, 0.000310281
0.609826, 0.000311549
0.610728, 0.000306896
0.61163, 0.000301947
0.612533, 0.000299895
0.613435, 0.000300723
0.614337, 0.000301614
0.615239, 0.000303219
0.616141, 0.000309087
0.617043, 0.000310127
0.617945, 0.000308493
0.618847, 0.000308143
0.619749, 0.000303543
0.620652, 0.000304586
0.621554, 0.00030762
0.622456, 0.000309234
0.623358, 0.000312244
0.62426, 0.000308542
0.625162, 0.000303587
0.626064, 0.000300658
0.626966, 0.00029988
0.627868, 0.000301647
0.628771, 0.000302184
0.629673, 0.000306655
0.630575, 0.000310828
0.631477, 0.000309118
0.632379, 0.0003086
0.633281, 0.000305444
0.634183, 0.000303762
0.635085, 0.000306662
0.635987, 0.000308811
0.63689, 0.000311405
0.637792, 0.000310552
0.638694, 0.000305767
0.639596, 0.000301477
0.640498, 0.000299825
0.6414, 0.000301388
0.642302, 0.000301843
0.643204, 0.000304667
0.644106, 0.000310517
0.645009, 0.000309687
0.645911, 0.000308616
0.646813, 0.000307364
0.647715, 0.000303285
0.648617, 0.000305634
0.649519, 0.000308468
0.650421, 0.000310225
0.651323, 0.000312272
0.652225, 0.000307772
0.653127, 0.000302776
0.65403, 0.00030054
0.654932, 0.00030079
0.655834, 0.000301891
0.656736, 0.000303188
0.657638, 0.000308617
0.65854, 0.000310485
0.659442, 0.000308408
0.660344, 0.00030807
0.661246, 0.000303974
0.662149, 0.000304504
0.663051, 0.000307662
0.663953, 0.000309469
0.664855, 0.000312508
0.665757, 0.000309816
0.666659, 0.000304853
0.667561, 0.000301359
0.668463, 0.000300186
0.669365, 0.000302093
0.670268, 0.000302468
0.67117, 0.000306366
0.672072, 0.000311153
0.672974, 0.000309417
0.673876, 0.000308834
0.674778, 0.000306351
0.67568, 0.000303824
0.676582, 0.000306723
0.677484, 0.000309144
0.678387, 0.000311484
0.679289, 0.000311502
0.680191, 0.000306739
0.681093, 0.000302112
0.681995, 0.000300307
0.682897, 0.00030154
0.683799, 0.000302148
0.684701, 0.000304401
0.685603, 0.000310378
0.686506, 0.000310245
0.687408, 0.000308926
0.68831, 0.00030813
0.689212, 0.000303677
0.690114, 0.000305575
0.691016, 0.000308531
0.691918, 0.000310156
0.69282, 0.000312758
0.693722, 0.000308519
0.694625, 0.000303492
0.695527, 0.000301035
0.696429, 0.000300909
0.697331, 0.000302334
0.698233, 0.00030319
0.699135, 0.000308253
0.700037, 0.000311414
0.700939, 0.000309668
0.701841, 0.000309131
0.702744, 0.000305318
0.703646, 0.000304755
0.704548, 0.000307671
0.70545, 0.000309546
0.706352, 0.000312393
0.707254, 0.00031035
0.708156, 0.000305482
0.709058, 0.000301752
0.70996, 0.00030036
0.710863, 0.000302191
0.711765, 0.000302518
0.712667, 0.000306045
0.713569, 0.000311264
0.714471, 0.000309446
0.715373, 0.000308604
0.716275, 0.000306845
0.717177, 0.000303682
0.718079, 0.000306521
0.718982, 0.000309252
0.719884, 0.00031133
0.720786, 0.000312409
0.721688, 0.000307752
0.72259, 0.000302805
0.723492, 0.000300799
0.724394, 0.000301709
0.725296, 0.000302556
0.726198, 0.000304301
0.7271, 0.000310222
0.728003, 0.000310965
0.728905, 0.000309451
0.729807, 0.000308961
0.730709, 0.000304394
0.731611, 0.000305655
0.732513, 0.000308686
0.733415, 0.000310287
0.734317, 0.000313214
0.735219, 0.000309346
0.736122, 0.000304379
0.737024, 0.000301614
0.737926, 0.000300974
0.738828, 0.000302621
0.73973, 0.000303269
0.740632, 0.000307894
0.741534, 0.000311547
0.742436, 0.000309328
0.743338, 0.000308734
0.744241, 0.000305617
0.745143, 0.000304558
0.746045, 0.000307693
0.746947, 0.000309882
0.747849, 0.000312562
0.748751, 0.000311456
0.749653, 0.000306635
0.750555, 0.0003025
0.751457, 0.000300835
0.75236, 0.000302526
0.753262, 0.000302949
0.754164, 0.000305803
0.755066, 0.00031164
0.755968, 0.000311104
0.75687, 0.000310375
0.757772, 0.000308875
0.758674, 0.00030464
0.759576, 0.000306764
0.760479, 0.000309396
0.761381, 0.000311113
0.762283, 0.000312937
0.763185, 0.000308324
0.764087, 0.000303349
0.764989, 0.000301094
0.765891, 0.000301632
0.766793, 0.00030262
0.767695, 0.000304098
0.768598, 0.000309772
0.7695, 0.00031121
0.770402, 0.00030923
0.771304, 0.000308905
0.772206, 0.000304643
0.773108, 0.000305431
0.77401, 0.000308565
0.774912, 0.000310316
0.775814, 0.00031336
0.776717, 0.00031017
0.777619, 0.000305222
0.778521, 0.00030198
0.779423, 0.000301011
0.780325, 0.000302859
0.781227, 0.000303275
0.782129, 0.000307413
0.783031, 0.000311892
0.783933, 0.00031008
0.784836, 0.000309518
0.785738, 0.000306792
0.78664, 0.000304682
0.787542, 0.000307651
0.788444, 0.000309996
0.789346, 0.0003124
0.790248, 0.000312019
0.79115, 0.000307268
0.792052, 0.000302796
0.792955, 0.000300991
0.793857, 0.000302429
0.794759, 0.000302931
0.795661, 0.000305368
0.796563, 0.000311283
0.797465, 0.000310629
0.798367, 0.000309248
0.799269, 0.000308387
0.800171, 0.000304214
0.801073, 0.000306392
0.801976, 0.000309397
0.802878, 0.000311081
0.80378, 0.000313511
0.804682, 0.00030929
0.805584, 0.000304199
0.806486, 0.000301739
0.807388, 0.000301756
0.80829, 0.000303123
0.809192, 0.00030408
0.810095, 0.000309231
0.810997, 0.000312277
0.811899, 0.000310819
0.812801, 0.000310288
0.813703, 0.000306168
0.814605, 0.000305737
0.815507, 0.000308532
0.816409, 0.000310268
0.817311, 0.000313184
0.818214, 0.000310832
0.819116, 0.000305883
0.820018, 0.00030242
0.82092, 0.000301153
0.821822, 0.000302935
0.822724, 0.000303241
0.823626, 0.000307022
0.824528, 0.000312034
0.82543, 0.000310058
0.826333, 0.000309304
0.827235, 0.000307254
0.828137, 0.000304452
0.829039, 0.000307386
0.829941, 0.000310022
0.830843, 0.000312214
0.831745, 0.000312947
0.832647, 0.000308234
0.833549, 0.00030345
0.834452, 0.000301506
0.835354, 0.000302616
0.836256, 0.00030333
0.837158, 0.000305241
0.83806, 0.000311185
0.838962, 0.000311554
0.839864, 0.000310112
0.840766, 0.000309544
0.841668, 0.00030502
0.842571, 0.000306509
0.843473, 0.000309504
0.844375, 0.000311084
0.845277, 0.000313896
0.846179, 0.000309998
0.847081, 0.000304964
0.847983, 0.000302246
0.848885, 0.000301827
0.849787, 0.000303385
0.85069, 0.000304101
0.851592, 0.000308842
0.852494, 0.00031223
0.853396, 0.000310024
0.854298, 0.000309426
0.8552, 0.000306146
0.856102, 0.000305387
0.857004, 0.000308498
0.857906, 0.000310607
0.858809, 0.000313386
0.859711, 0.000311929
0.860613, 0.000307022
0.861515, 0.000303069
0.862417, 0.000301498
0.863319, 0.000303211
0.864221, 0.000303646
0.865123, 0.000306677
0.866025, 0.000312409
0.866928, 0.000311697
0.86783, 0.000311057
0.868732, 0.000309265
0.869634, 0.000305285
0.870536, 0.00030758
0.871438, 0.000310149
0.87234, 0.000311963
0.873242, 0.00031347
0.874144, 0.000308883
0.875047, 0.000303998
0.875949, 0.00030183
0.876851, 0.000302522
0.877753, 0.000303368
0.878655, 0.000305035
0.879557, 0.000310828
0.880459, 0.000311822
0.881361, 0.000309895
0.882263, 0.000309529
0.883165, 0.000305221
0.884068, 0.00030631
0.88497, 0.000309425
0.885872, 0.00031112
0.886774, 0.000314129
0.887676, 0.000310682
0.888578, 0.000305811
0.88948, 0.000302639
0.890382, 0.000301791
0.891284, 0.000303661
0.892187, 0.000304088
0.893089, 0.000308399
0.893991, 0.000312644
0.894893, 0.000310766
0.895795, 0.000310223
0.896697, 0.000307327
0.897599, 0.000305504
0.898501, 0.000308464
0.899403, 0.000310701
0.900306, 0.000313203
0.901208, 0.000312513
0.90211, 0.000307734
0.903012, 0.000303383
0.903914, 0.000301645
0.904816, 0.000303139
0.905718, 0.000303607
0.90662, 0.000306241
0.907522, 0.000312078
0.908425, 0.000311133
0.909327, 0.000309911
0.910229, 0.000308864
0.911131, 0.000304842
0.912033, 0.000307243
0.912935, 0.000310178
0.913837, 0.000311924
0.914739, 0.00031411
0.915641, 0.000309601
0.916544, 0.00030462
0.917446, 0.000302358
0.918348, 0.000302572
0.91925, 0.000303775
0.920152, 0.000304937
0.921054, 0.000310286
0.921956, 0.000312627
0.922858, 0.000310935
0.92376, 0.000310465
0.924663, 0.00030631
0.925565, 0.00030642
0.926467, 0.000309356
0.927369, 0.000311089
0.928271, 0.000314061
0.929173, 0.000311283
0.930075, 0.000306439
0.930977, 0.000303092
0.931879, 0.000301915
0.932782, 0.000303718
0.933684, 0.000304052
0.934586, 0.00030799
0.935488, 0.000312786
0.93639, 0.000310956
0.937292, 0.000310359
0.938194, 0.000308018
0.939096, 0.000305375
0.939998, 0.000308248
0.940901, 0.000310699
0.941803, 0.00031297
0.942705, 0.000313332
0.943607, 0.000308545
0.944509, 0.000303819
0.945411, 0.000302034
0.946313, 0.000303288
0.947215, 0.00030393
0.948117, 0.000306076
0.94902, 0.000312077
0.949922, 0.000312052
0.950824, 0.000310742
0.951726, 0.000310023
0.952628, 0.000305533
0.95353, 0.000307293
0.954432, 0.000310237
0.955334, 0.000311833
0.956236, 0.00031451
0.957138, 0.000310275
0.958041, 0.000305234
0.958943, 0.000302748
0.959845, 0.000302529
0.960747, 0.000303962
0.961649, 0.000304869
0.962551, 0.000309811
0.963453, 0.000312757
0.964355, 0.000310551
0.965257, 0.00030996
0.96616, 0.00030652
0.967062, 0.000306175
0.967964, 0.000309312
0.968866, 0.000311321
0.969768, 0.000314175
0.97067, 0.000312266
0.971572, 0.000307346
0.972474, 0.000303642
0.973376, 0.000302203
0.974279, 0.000303992
0.975181, 0.000304356
0.976083, 0.000307676
0.976985, 0.000313109
0.977887, 0.00031193
0.978789, 0.000311262
0.979691, 0.000309356
0.980593, 0.000305835
0.981495, 0.00030833
0.982398, 0.000310901
0.9833, 0.000312844
0.984202, 0.000313998
0.985104, 0.000309293
0.986006, 0.000304436
0.986908, 0.000302295
0.98781, 0.000303189
0.988712, 0.000303944
0.989614, 0.000305802
0.990517, 0.000311696
0.991419, 0.000312414
0.992321, 0.00031084
0.993223, 0.000310402
0.994125, 0.000305885
0.995027, 0.000307099
0.995929, 0.000310121
0.996831, 0.000311721
0.997733, 0.000314659
0.998636, 0.000310929
0.999538, 0.000305949
