x, y
0, 0
0.000285272, 7.1243e-05
0.000570544, 0.00011926
0.000855816, 0.000160647
0.00114109, 0.00019577
0.00142636, 0.000225434
0.00171163, 0.000252831
0.00199691, 0.000270142
0.00228218, 0.000278455
0.00256745, 0.000283761
0.00285272, 0.000278682
0.00313799, 0.000278108
0.00342327, 0.000280419
0.00370854, 0.000285576
0.00399381, 0.000292749
0.00427908, 0.000299169
0.00456435, 0.000302752
0.00484963, 0.000304458
0.0051349, 0.000306074
0.00542017, 0.00030941
0.00570544, 0.000314494
0.00599072, 0.000322423
0.00627599, 0.00033345
0.00656126, 0.000340338
0.00684653, 0.00034339
0.0071318, 0.0003397
0.00741708, 0.000337086
0.00770235, 0.00033559
0.00798762, 0.000335924
0.00827289, 0.000339329
0.00855816, 0.000343211
0.00884344, 0.00034446
0.00912871, 0.000342952
0.00941398, 0.000340002
0.00969925, 0.000338058
0.00998453, 0.00033773
0.0102698, 0.000339833
0.0105551, 0.000345673
0.0108403, 0.000353529
0.0111256, 0.000357437
0.0114109, 0.000357083
0.0116962, 0.000353189
0.0119814, 0.000350862
0.0122667, 0.00034977
0.012552, 0.000350837
0.0128372, 0.000353684
0.0131225, 0.000355135
0.0134078, 0.000353648
0.0136931, 0.000349803
0.0139783, 0.000345972
0.0142636, 0.000344346
0.0145489, 0.000344954
0.0148342, 0.00034899
0.0151194, 0.000356915
0.0154047, 0.000363907
0.01569, 0.000367128
0.0159752, 0.000365015
0.0162605, 0.00036293
0.0165458, 0.000361803
0.0168311, 0.000361958
0.0171163, 0.000364673
0.0174016, 0.000367961
0.0176869, 0.000368875
0.0179721, 0.000366714
0.0182574, 0.000363032
0.0185427, 0.00036027
0.018828, 0.000359569
0.0191132, 0.000361228
0.0193985, 0.000366448
0.0196838, 0.000374663
0.0199691, 0.000379094
0.0202543, 0.000381578
0.0205396, 0.000378681
0.0208249, 0.000377181
0.0211101, 0.000376776
0.0213954, 0.000378381
0.0216807, 0.000381699
0.021966, 0.000383808
0.0222512, 0.000382961
0.0225365, 0.000379252
0.0228218, 0.000374864
0.023107, 0.000372114
0.0233923, 0.000371841
0.0236776, 0.000374816
0.0239629, 0.000381779
0.0242481, 0.000387337
0.0245334, 0.000391182
0.0248187, 0.000391336
0.025104, 0.000388294
0.0253892, 0.0003871
0.0256745, 0.000387429
0.0259598, 0.000389868
0.026245, 0.000392578
0.0265303, 0.00039304
0.0268156, 0.000390355
0.0271009, 0.000385678
0.0273861, 0.000381562
0.0276714, 0.000379897
0.0279567, 0.000381095
0.0282419, 0.000386314
0.0285272, 0.000393936
0.0288125, 0.000396786
0.0290978, 0.000400827
0.029383, 0.000398274
0.0296683, 0.000396318
0.0299536, 0.000395649
0.0302388, 0.000396739
0.0305241, 0.000399364
0.0308094, 0.000401147
0.0310947, 0.000400531
0.0313799, 0.000396606
0.0316652, 0.000391743
0.0319505, 0.000388401
0.0322358, 0.000387796
0.032521, 0.000390542
0.0328063, 0.000397476
0.0330916, 0.000402833
0.0333768, 0.000406028
0.0336621, 0.000407568
0.0339474, 0.00040443
0.0342327, 0.000402913
0.0345179, 0.000402679
0.0348032, 0.000404227
0.0350885, 0.000406445
0.0353737, 0.000407144
0.035659, 0.000404629
0.0359443, 0.000399669
0.0362296, 0.000394957
0.0365148, 0.000392568
0.0368001, 0.000392943
0.0370854, 0.000397185
0.0373707, 0.000404709
0.0376559, 0.000407894
0.0379412, 0.000411707
0.0382265, 0.000409685
0.0385117, 0.000407535
0.038797, 0.00040648
0.0390823, 0.000406756
0.0393676, 0.000408753
0.0396528, 0.000410258
0.0399381, 0.000409484
0.0402234, 0.000405487
0.0405086, 0.000400284
0.0407939, 0.000396437
0.0410792, 0.00039511
0.0413645, 0.000396827
0.0416497, 0.000402564
0.041935, 0.00040901
0.0422203, 0.000412011
0.0425056, 0.000413803
0.0427908, 0.000411169
0.0430761, 0.000409789
0.0433614, 0.000409263
0.0436466, 0.00041038
0.0439319, 0.000412492
0.0442172, 0.000413039
0.0445025, 0.000410692
0.0447877, 0.000405861
0.045073, 0.000401128
0.0453583, 0.000398491
0.0456435, 0.000398275
0.0459288, 0.000401631
0.0462141, 0.000408791
0.0464994, 0.000413071
0.0467846, 0.000416581
0.0470699, 0.000415032
0.0473552, 0.000413338
0.0476405, 0.000412385
0.0479257, 0.000412499
0.048211, 0.000414479
0.0484963, 0.000416124
0.0487815, 0.000415414
0.0490668, 0.000411747
0.0493521, 0.000406697
0.0496374, 0.000402888
0.0499226, 0.000401382
0.0502079, 0.000402725
0.0504932, 0.000407968
0.0507784, 0.000414722
0.0510637, 0.000417825
0.051349, 0.000420029
0.0516343, 0.000417597
0.0519195, 0.000416358
0.0522048, 0.000415882
0.0524901, 0.000417078
0.0527754, 0.000419283
0.0530606, 0.000419941
0.0533459, 0.000417991
0.0536312, 0.000413403
0.0539164, 0.000408721
0.0542017, 0.000406052
0.054487, 0.000405731
0.0547723, 0.000408922
0.0550575, 0.000415953
0.0553428, 0.000420223
0.0556281, 0.000423895
0.0559133, 0.000422932
0.0561986, 0.00042104
0.0564839, 0.000420148
0.0567692, 0.000420404
0.0570544, 0.000422436
0.0573397, 0.000424187
0.057625, 0.000423714
0.0579102, 0.000420328
0.0581955, 0.000415322
0.0584808, 0.000411356
0.0587661, 0.000409732
0.0590513, 0.000410945
0.0593366, 0.00041609
0.0596219, 0.000422616
0.0599072, 0.000425318
0.0601924, 0.000428209
0.0604777, 0.000425702
0.060763, 0.000424395
0.0610482, 0.000423942
0.0613335, 0.00042513
0.0616188, 0.000427274
0.0619041, 0.000428057
0.0621893, 0.000426224
0.0624746, 0.000421651
0.0627599, 0.000416771
0.0630451, 0.000413833
0.0633304, 0.000413373
0.0636157, 0.000416427
0.063901, 0.000423338
0.0641862, 0.000427231
0.0644715, 0.000430929
0.0647568, 0.00043039
0.0650421, 0.00042821
0.0653273, 0.000427206
0.0656126, 0.000427353
0.0658979, 0.000429185
0.0661831, 0.000430817
0.0664684, 0.000430498
0.0667537, 0.000427131
0.067039, 0.00042202
0.0673242, 0.000417746
0.0676095, 0.000415915
0.0678948, 0.000416938
0.06818, 0.00042189
0.0684653, 0.00042836
0.0687506, 0.000430855
0.0690359, 0.000433969
0.0693211, 0.000431487
0.0696064, 0.000430062
0.0698917, 0.000429465
0.070177, 0.000430354
0.0704622, 0.000432309
0.0707475, 0.000433149
0.0710328, 0.000431318
0.071318, 0.00042674
0.0716033, 0.000421739
0.0718886, 0.000418614
0.0721739, 0.000417938
0.0724591, 0.000420683
0.0727444, 0.000427367
0.0730297, 0.000431556
0.0733149, 0.000435129
0.0736002, 0.000434732
0.0738855, 0.000432572
0.0741708, 0.00043149
0.074456, 0.000431444
0.0747413, 0.00043305
0.0750266, 0.000434573
0.0753119, 0.000434243
0.0755971, 0.000430944
0.0758824, 0.000425821
0.0761677, 0.000421558
0.0764529, 0.000419566
0.0767382, 0.000420314
0.0770235, 0.000424901
0.0773088, 0.000431514
0.077594, 0.000434217
0.0778793, 0.000437234
0.0781646, 0.000434907
0.0784498, 0.000433541
0.0787351, 0.000432883
0.0790204, 0.000433633
0.0793057, 0.000435546
0.0795909, 0.000436325
0.0798762, 0.000434571
0.0801615, 0.000430096
0.0804468, 0.000425136
0.080732, 0.000421978
0.0810173, 0.000421165
0.0813026, 0.000423672
0.0815878, 0.000430057
0.0818731, 0.000434618
0.0821584, 0.000438131
0.0824437, 0.000437878
0.0827289, 0.000435832
0.0830142, 0.000434818
0.0832995, 0.000434736
0.0835847, 0.00043636
0.08387, 0.000437965
0.0841553, 0.000437608
0.0844406, 0.000434443
0.0847258, 0.000429394
0.0850111, 0.000425172
0.0852964, 0.000423162
0.0855816, 0.000423822
0.0858669, 0.000428269
0.0861522, 0.000434892
0.0864375, 0.00043764
0.0867227, 0.000440677
0.087008, 0.000438483
0.0872933, 0.000437196
0.0875786, 0.000436597
0.0878638, 0.000437397
0.0881491, 0.000439344
0.0884344, 0.000440197
0.0887196, 0.000438528
0.0890049, 0.000434138
0.0892902, 0.000429213
0.0895755, 0.000426034
0.0898607, 0.000425204
0.090146, 0.000427666
0.0904313, 0.000434
0.0907165, 0.00043846
0.0910018, 0.0004419
0.0912871, 0.00044187
0.0915724, 0.000439788
0.0918576, 0.000438827
0.0921429, 0.000438794
0.0924282, 0.000440455
0.0927135, 0.000442071
0.0929987, 0.000441816
0.093284, 0.00043869
0.0935693, 0.00043367
0.0938545, 0.000429402
0.0941398, 0.000427363
0.0944251, 0.000427996
0.0947104, 0.000432428
0.0949956, 0.000438941
0.0952809, 0.000441529
0.0955662, 0.0004447
0.0958514, 0.000442488
0.0961367, 0.000441165
0.096422, 0.000440571
0.0967073, 0.000441367
0.0969925, 0.000443273
0.0972778, 0.000444118
0.0975631, 0.000442472
0.0978484, 0.000438097
0.0981336, 0.000433133
0.0984189, 0.000429888
0.0987042, 0.00042904
0.0989894, 0.000431481
0.0992747, 0.000437795
0.09956, 0.000442101
0.0998453, 0.00044551
0.100131, 0.000445554
0.100416, 0.000443408
0.100701, 0.000442395
0.100986, 0.00044234
0.101272, 0.000443923
0.101557, 0.000445477
0.101842, 0.000445195
0.102127, 0.000442083
0.102413, 0.000437042
0.102698, 0.000432572
0.102983, 0.00043049
0.103269, 0.000431092
0.103554, 0.00043548
0.103839, 0.000441946
0.104124, 0.000444493
0.10441, 0.000447647
0.104695, 0.000445444
0.10498, 0.000444109
0.105265, 0.000443478
0.105551, 0.000444218
0.105836, 0.000446057
0.106121, 0.000446855
0.106407, 0.000445179
0.106692, 0.000440803
0.106977, 0.000435833
0.107262, 0.000432575
0.107548, 0.000431692
0.107833, 0.000434075
0.108118, 0.000440312
0.108403, 0.000444658
0.108689, 0.000448033
0.108974, 0.000448039
0.109259, 0.000445951
0.109545, 0.000444946
0.10983, 0.000444859
0.110115, 0.000446393
0.1104, 0.000447847
0.110686, 0.000447542
0.110971, 0.000444405
0.111256, 0.000439371
0.111541, 0.000435081
0.111827, 0.000432991
0.112112, 0.000433548
0.112397, 0.000437862
0.112683, 0.0004443
0.112968, 0.000446893
0.113253, 0.00044995
0.113538, 0.000447791
0.113824, 0.000446504
0.114109, 0.000445891
0.114394, 0.000446612
0.114679, 0.000448432
0.114965, 0.000449203
0.11525, 0.000447502
0.115535, 0.000443125
0.11582, 0.000438195
0.116106, 0.000434968
0.116391, 0.000434074
0.116676, 0.00043643
0.116962, 0.000442618
0.117247, 0.000446957
0.117532, 0.00045032
0.117817, 0.000450278
0.118103, 0.000448258
0.118388, 0.000447304
0.118673, 0.000447226
0.118958, 0.000448787
0.119244, 0.000450293
0.119529, 0.000449955
0.119814, 0.000446808
0.1201, 0.000441796
0.120385, 0.000437555
0.12067, 0.000435494
0.120955, 0.000436075
0.121241, 0.000440403
0.121526, 0.000446774
0.121811, 0.000449339
0.122096, 0.00045238
0.122382, 0.000450222
0.122667, 0.00044896
0.122952, 0.00044838
0.123238, 0.000449158
0.123523, 0.000450973
0.123808, 0.00045172
0.124093, 0.000449995
0.124379, 0.000445616
0.124664, 0.000440712
0.124949, 0.000437522
0.125234, 0.000436667
0.12552, 0.000439083
0.125805, 0.000445314
0.12609, 0.000449498
0.126376, 0.000452868
0.126661, 0.000452759
0.126946, 0.000450746
0.127231, 0.000449807
0.127517, 0.000449759
0.127802, 0.000451341
0.128087, 0.000452811
0.128372, 0.000452436
0.128658, 0.000449257
0.128943, 0.000444245
0.129228, 0.000440028
0.129514, 0.000438006
0.129799, 0.000438655
0.130084, 0.000443053
0.130369, 0.000449329
0.130655, 0.000451813
0.13094, 0.000454823
0.131225, 0.000452647
0.13151, 0.000451384
0.131796, 0.000450814
0.132081, 0.00045161
0.132366, 0.000453396
0.132652, 0.000454096
0.132937, 0.000452316
0.133222, 0.000447901
0.133507, 0.000443013
0.133793, 0.000439859
0.134078, 0.000439049
0.134363, 0.000441534
0.134648, 0.000447825
0.134934, 0.000451828
0.135219, 0.000455208
0.135504, 0.000454973
0.13579, 0.000452992
0.136075, 0.000452045
0.13636, 0.000452011
0.136645, 0.000453576
0.136931, 0.000454994
0.137216, 0.000454576
0.137501, 0.000451345
0.137786, 0.000446316
0.138072, 0.000441915
0.138357, 0.000439922
0.138642, 0.000440637
0.138928, 0.000445099
0.139213, 0.000451293
0.139498, 0.000453745
0.139783, 0.000456697
0.140069, 0.000454475
0.140354, 0.00045321
0.140639, 0.000452638
0.140924, 0.000453447
0.14121, 0.000455212
0.141495, 0.000455863
0.14178, 0.000454018
0.142066, 0.000449584
0.142351, 0.000444725
0.142636, 0.000441638
0.142921, 0.000440884
0.143207, 0.00044344
0.143492, 0.000449762
0.143777, 0.000453642
0.144062, 0.000457037
0.144348, 0.000456638
0.144633, 0.000454717
0.144918, 0.000453785
0.145204, 0.000453776
0.145489, 0.000455351
0.145774, 0.000456658
0.146059, 0.000456141
0.146345, 0.000452845
0.14663, 0.000447828
0.146915, 0.000443714
0.1472, 0.000441799
0.147486, 0.000442581
0.147771, 0.000447109
0.148056, 0.000453189
0.148342, 0.000455625
0.148627, 0.00045842
0.148912, 0.000456204
0.149197, 0.000454992
0.149483, 0.000454454
0.149768, 0.000455316
0.150053, 0.00045706
0.150338, 0.000457621
0.150624, 0.000455685
0.150909, 0.000451211
0.151194, 0.000446396
0.15148, 0.000443397
0.151765, 0.000442699
0.15205, 0.000445346
0.152335, 0.000451691
0.152621, 0.000455416
0.152906, 0.000458805
0.153191, 0.000458234
0.153476, 0.000456394
0.153762, 0.000455508
0.154047, 0.000455559
0.154332, 0.000457165
0.154618, 0.000458496
0.154903, 0.000457897
0.155188, 0.000454524
0.155473, 0.000449508
0.155759, 0.000445471
0.156044, 0.000443623
0.156329, 0.000444509
0.156614, 0.00044914
0.1569, 0.000455086
0.157185, 0.000457564
0.15747, 0.000460183
0.157756, 0.000457944
0.158041, 0.00045677
0.158326, 0.000456284
0.158611, 0.000457208
0.158897, 0.00045893
0.159182, 0.000459417
0.159467, 0.000457384
0.159752, 0.000452862
0.160038, 0.000448102
0.160323, 0.000445178
0.160608, 0.000444572
0.160894, 0.000447346
0.161179, 0.000453745
0.161464, 0.000457281
0.161749, 0.000460685
0.162035, 0.000459921
0.16232, 0.00045816
0.162605, 0.000457305
0.16289, 0.000457404
0.163176, 0.00045903
0.163461, 0.000460302
0.163746, 0.000459622
0.164031, 0.000456165
0.164317, 0.000451135
0.164602, 0.00044717
0.164887, 0.000445398
0.165173, 0.000446406
0.165458, 0.000451166
0.165743, 0.000456963
0.166028, 0.000459435
0.166314, 0.000461909
0.166599, 0.000459631
0.166884, 0.000458453
0.167169, 0.000457979
0.167455, 0.000458955
0.16774, 0.000460662
0.168025, 0.000461058
0.168311, 0.000458929
0.168596, 0.000454354
0.168881, 0.000449633
0.169166, 0.000446797
0.169452, 0.000446299
0.169737, 0.000449211
0.170022, 0.000455639
0.170307, 0.000458981
0.170593, 0.000462384
0.170878, 0.000461404
0.171163, 0.000459708
0.171449, 0.00045887
0.171734, 0.000459027
0.172019, 0.000460658
0.172304, 0.000461867
0.17259, 0.000461067
0.172875, 0.000457504
0.17316, 0.000452166
0.173445, 0.000448272
0.173731, 0.000446616
0.174016, 0.000447767
0.174301, 0.000452673
0.174587, 0.000458291
0.174872, 0.000460821
0.175157, 0.000463025
0.175442, 0.000460773
0.175728, 0.000459647
0.176013, 0.000459228
0.176298, 0.000460275
0.176583, 0.000461958
0.176869, 0.000462259
0.177154, 0.000460016
0.177439, 0.000455381
0.177725, 0.000450735
0.17801, 0.000448013
0.178295, 0.000447636
0.17858, 0.000450709
0.178866, 0.00045716
0.179151, 0.00046034
0.179436, 0.000463741
0.179721, 0.000462553
0.180007, 0.000460957
0.180292, 0.000460179
0.180577, 0.00046041
0.180863, 0.000462064
0.181148, 0.000463091
0.181433, 0.00046218
0.181718, 0.000458501
0.182004, 0.000453512
0.182289, 0.000449725
0.182574, 0.000448158
0.182859, 0.00044945
0.183145, 0.000454498
0.18343, 0.000459923
0.183715, 0.000462517
0.184001, 0.000464449
0.184286, 0.000462215
0.184571, 0.000461117
0.184856, 0.000460739
0.185142, 0.000461853
0.185427, 0.000463505
0.185712, 0.000463703
0.185997, 0.000461334
0.186283, 0.000456634
0.186568, 0.000452037
0.186853, 0.000449403
0.187139, 0.000449154
0.187424, 0.000452385
0.187709, 0.000458834
0.187994, 0.000461832
0.18828, 0.000465216
0.188565, 0.000463796
0.18885, 0.000462288
0.189135, 0.000461523
0.189421, 0.000461829
0.189706, 0.000463492
0.189991, 0.000464564
0.190277, 0.000463531
0.190562, 0.000459752
0.190847, 0.000454777
0.191132, 0.000451087
0.191418, 0.000449634
0.191703, 0.00045109
0.191988, 0.000456297
0.192273, 0.000461478
0.192559, 0.000464167
0.192844, 0.000465765
0.193129, 0.00046355
0.193415, 0.000462483
0.1937, 0.000462156
0.193985, 0.000463342
0.19427, 0.000464949
0.194556, 0.000465026
0.194841, 0.000462518
0.195126, 0.000457777
0.195411, 0.000453262
0.195697, 0.00045075
0.195982, 0.000450643
0.196267, 0.000454061
0.196553, 0.000460474
0.196838, 0.000463297
0.197123, 0.000466626
0.197408, 0.000465011
0.197694, 0.000463597
0.197979, 0.000462891
0.198264, 0.000463287
0.198549, 0.000464953
0.198835, 0.000465934
0.19912, 0.000464752
0.199405, 0.000460845
0.199691, 0.000455902
0.199976, 0.000452325
0.200261, 0.00045099
0.200546, 0.000452625
0.200832, 0.00045801
0.201117, 0.000462939
0.201402, 0.000465845
0.201687, 0.000466991
0.201973, 0.000464823
0.202258, 0.000463788
0.202543, 0.000463518
0.202829, 0.000464777
0.203114, 0.000466343
0.203399, 0.000466309
0.203684, 0.000463658
0.20397, 0.00045885
0.204255, 0.000454408
0.20454, 0.000452009
0.204825, 0.000452059
0.205111, 0.00045567
0.205396, 0.000462028
0.205681, 0.000464698
0.205967, 0.000467968
0.206252, 0.000466196
0.206537, 0.000464828
0.206822, 0.000464144
0.207108, 0.000464631
0.207393, 0.000466302
0.207678, 0.000467196
0.207963, 0.000465856
0.208249, 0.000461849
0.208534, 0.000456591
0.208819, 0.000453113
0.209104, 0.00045192
0.20939, 0.000453755
0.209675, 0.000459331
0.20996, 0.000463973
0.210246, 0.000467055
0.210531, 0.000467767
0.210816, 0.000465656
0.211101, 0.000464659
0.211387, 0.000464458
0.211672, 0.000465798
0.211957, 0.000467307
0.212242, 0.000467148
0.212528, 0.000464348
0.212813, 0.000459524
0.213098, 0.000455189
0.213384, 0.000452926
0.213669, 0.000453149
0.213954, 0.000456977
0.214239, 0.00046325
0.214525, 0.000465803
0.21481, 0.000468973
0.215095, 0.000467071
0.21538, 0.000465783
0.215666, 0.00046516
0.215951, 0.000465746
0.216236, 0.000467432
0.216522, 0.000468112
0.216807, 0.000466619
0.217092, 0.000462485
0.217377, 0.000457612
0.217663, 0.000454284
0.217948, 0.000453219
0.218233, 0.000455253
0.218518, 0.00046102
0.218804, 0.000465358
0.219089, 0.00046856
0.219374, 0.000468878
0.21966, 0.000466833
0.219945, 0.00046585
0.22023, 0.000465705
0.220515, 0.000467111
0.220801, 0.000468545
0.221086, 0.00046826
0.221371, 0.000465302
0.221656, 0.000460438
0.221942, 0.000456192
0.222227, 0.000454056
0.222512, 0.000454465
0.222798, 0.0004585
0.223083, 0.000464641
0.223368, 0.000467078
0.223653, 0.00047011
0.223939, 0.000468088
0.224224, 0.000466836
0.224509, 0.000466243
0.224794, 0.000466928
0.22508, 0.000468609
0.225365, 0.000469294
0.22565, 0.000467621
0.225936, 0.000463389
0.226221, 0.00045857
0.226506, 0.00045538
0.226791, 0.000454462
0.227077, 0.000456713
0.227362, 0.000462678
0.227647, 0.000466672
0.227932, 0.000469908
0.228218, 0.000469855
0.228503, 0.000467918
0.228788, 0.000467001
0.229074, 0.000466945
0.229359, 0.000468412
0.229644, 0.000469765
0.229929, 0.000469331
0.230215, 0.000466201
0.2305, 0.000461302
0.230785, 0.000457169
0.23107, 0.000455168
0.231356, 0.000455771
0.231641, 0.000460026
0.231926, 0.000466013
0.232212, 0.000468372
0.232497, 0.000471253
0.232782, 0.000469135
0.233067, 0.000467922
0.233353, 0.000467376
0.233638, 0.000468151
0.233923, 0.000469821
0.234208, 0.000470406
0.234494, 0.00046855
0.234779, 0.000464204
0.235064, 0.00045945
0.23535, 0.000456409
0.235635, 0.000455643
0.23592, 0.000458124
0.236205, 0.000464255
0.236491, 0.00046791
0.236776, 0.00047119
0.237061, 0.000470762
0.237346, 0.00046894
0.237632, 0.000468051
0.237917, 0.000468076
0.238202, 0.000469599
0.238488, 0.000470878
0.238773, 0.000470283
0.239058, 0.000467
0.239343, 0.000462071
0.239629, 0.000458062
0.239914, 0.000456202
0.240199, 0.000457014
0.240484, 0.000461497
0.24077, 0.000467265
0.241055, 0.000469654
0.24134, 0.000472237
0.241626, 0.000470062
0.241911, 0.000468913
0.242196, 0.000468438
0.242481, 0.000469335
0.242767, 0.000470981
0.243052, 0.000471406
0.243337, 0.000469374
0.243622, 0.000464926
0.243908, 0.000459777
0.244193, 0.000456874
0.244478, 0.000456277
0.244764, 0.000459005
0.245049, 0.00046527
0.245334, 0.000468644
0.245619, 0.000471993
0.245905, 0.000471191
0.24619, 0.000469502
0.246475, 0.000468673
0.24676, 0.000468798
0.247046, 0.000470372
0.247331, 0.000471567
0.247616, 0.000470841
0.247902, 0.000467389
0.248187, 0.000462463
0.248472, 0.000458597
0.248757, 0.000456894
0.249043, 0.000457941
0.249328, 0.000462674
0.249613, 0.000468213
0.249898, 0.000470624
0.250184, 0.000472905
0.250469, 0.00047072
0.250754, 0.000469614
0.25104, 0.000469196
0.251325, 0.000470201
0.25161, 0.000471837
0.251895, 0.000471964
0.252181, 0.000469765
0.252466, 0.000465211
0.252751, 0.000460609
0.253036, 0.000457885
0.253322, 0.000457464
0.253607, 0.000460437
0.253892, 0.000466737
0.254177, 0.000469834
0.254463, 0.000473171
0.254748, 0.000472025
0.255033, 0.000470463
0.255319, 0.000469695
0.255604, 0.000469931
0.255889, 0.000471548
0.256174, 0.000472634
0.25646, 0.000471705
0.256745, 0.000468076
0.25703, 0.000463154
0.257315, 0.000459419
0.257601, 0.000457863
0.257886, 0.000459133
0.258171, 0.000464102
0.258457, 0.000469359
0.258742, 0.000471899
0.259027, 0.000473777
0.259312, 0.000471573
0.259598, 0.000470487
0.259883, 0.000470124
0.260168, 0.000471217
0.260453, 0.000472813
0.260739, 0.000472941
0.261024, 0.000470549
0.261309, 0.000465914
0.261595, 0.000461407
0.26188, 0.000458837
0.262165, 0.000458624
0.26245, 0.000461861
0.262736, 0.000468165
0.263021, 0.000471011
0.263306, 0.000474312
0.263591, 0.000472843
0.263877, 0.000471408
0.264162, 0.000470673
0.264447, 0.000471022
0.264733, 0.000472653
0.265018, 0.000473636
0.265303, 0.000472519
0.265588, 0.000468725
0.265874, 0.000463822
0.266159, 0.000460232
0.266444, 0.000458849
0.266729, 0.000460364
0.267015, 0.000465583
0.2673, 0.000470501
0.267585, 0.000473254
0.267871, 0.000474578
0.268156, 0.000472433
0.268441, 0.000471409
0.268726, 0.000471135
0.269012, 0.000472348
0.269297, 0.000473877
0.269582, 0.000473848
0.269867, 0.000471251
0.270153, 0.000466534
0.270438, 0.000462128
0.270723, 0.000459715
0.271009, 0.000459709
0.271294, 0.00046321
0.271579, 0.00046947
0.271864, 0.000472109
0.27215, 0.00047536
0.272435, 0.000473643
0.27272, 0.000472283
0.273005, 0.000471597
0.273291, 0.00047206
0.273576, 0.000473697
0.273861, 0.000474559
0.274147, 0.000473247
0.274432, 0.000469304
0.274717, 0.000464447
0.275002, 0.000461005
0.275288, 0.000459794
0.275573, 0.000461571
0.275858, 0.00046704
0.276143, 0.000471591
0.276429, 0.000474612
0.276714, 0.00047532
0.276999, 0.000473242
0.277285, 0.000472253
0.27757, 0.000472051
0.277855, 0.000473366
0.27814, 0.00047483
0.278426, 0.00047464
0.278711, 0.00047185
0.278996, 0.000467072
0.279281, 0.000462337
0.279567, 0.000460074
0.279852, 0.000460298
0.280137, 0.000464089
0.280423, 0.000470253
0.280708, 0.000472739
0.280993, 0.000475854
0.281278, 0.000473985
0.281564, 0.000472726
0.281849, 0.000472117
0.282134, 0.000472722
0.282419, 0.000474375
0.282705, 0.000475113
0.28299, 0.000473598
0.283275, 0.00046951
0.283561, 0.000464705
0.283846, 0.000461436
0.284131, 0.000460409
0.284416, 0.000462464
0.284702, 0.000468203
0.284987, 0.000472374
0.285272, 0.000475526
0.285557, 0.000475762
0.285843, 0.000473794
0.286128, 0.000472846
0.286413, 0.000472745
0.286699, 0.000474146
0.286984, 0.000475396
0.287269, 0.000475051
0.287554, 0.000472063
0.28784, 0.000467239
0.288125, 0.000463064
0.28841, 0.000460987
0.288695, 0.000461446
0.288981, 0.000465503
0.289266, 0.00047149
0.289551, 0.000473854
0.289837, 0.000476799
0.290122, 0.000474768
0.290407, 0.000473567
0.290692, 0.000473017
0.290978, 0.000473744
0.291263, 0.000475393
0.291548, 0.000475995
0.291833, 0.000474249
0.292119, 0.000470003
0.292404, 0.000465268
0.292689, 0.000462169
0.292975, 0.000461317
0.29326, 0.00046364
0.293545, 0.000469633
0.29383, 0.000473381
0.294116, 0.000476639
0.294401, 0.000476381
0.294686, 0.00047452
0.294971, 0.000473616
0.295257, 0.000473602
0.295542, 0.000475075
0.295827, 0.000476354
0.296113, 0.000475833
0.296398, 0.000472646
0.296683, 0.000467784
0.296968, 0.000463757
0.297254, 0.000461852
0.297539, 0.000462564
0.297824, 0.000466903
0.298109, 0.00047267
0.298395, 0.000475
0.29868, 0.000477669
0.298965, 0.00047554
0.299251, 0.000474381
0.299536, 0.000473885
0.299821, 0.000474731
0.300106, 0.000476363
0.300392, 0.000476812
0.300677, 0.000474851
0.300962, 0.000470477
0.301247, 0.000465821
0.301533, 0.000462917
0.301818, 0.000462254
0.302103, 0.000464863
0.302388, 0.000471
0.302674, 0.000474388
0.302959, 0.000477666
0.303244, 0.000476975
0.30353, 0.000475288
0.303815, 0.000474458
0.3041, 0.000474561
0.304385, 0.000476105
0.304671, 0.000477271
0.304956, 0.000476546
0.305241, 0.000473164
0.305526, 0.000468267
0.305812, 0.000464395
0.306097, 0.000462664
0.306382, 0.000463639
0.306668, 0.000468262
0.306953, 0.00047376
0.307238, 0.000476126
0.307523, 0.000478442
0.307809, 0.000476275
0.308094, 0.000475163
0.308379, 0.000474736
0.308664, 0.000475703
0.30895, 0.000477313
0.309235, 0.000477576
0.30952, 0.000475406
0.309806, 0.000470912
0.310091, 0.000466339
0.310376, 0.000463611
0.310661, 0.000463166
0.310947, 0.000466076
0.311232, 0.000472291
0.311517, 0.000475353
0.311802, 0.000478655
0.312088, 0.000477544
0.312373, 0.000475993
0.312658, 0.000475226
0.312944, 0.000475454
0.313229, 0.000477046
0.313514, 0.000478104
0.313799, 0.000477174
0.314085, 0.000473576
0.31437, 0.000468119
0.314655, 0.000464375
0.31494, 0.000462833
0.315226, 0.000464091
0.315511, 0.000469019
0.315796, 0.000474214
0.316082, 0.000476733
0.316367, 0.000478598
0.316652, 0.000476428
0.316937, 0.000475362
0.317223, 0.000475016
0.317508, 0.000476118
0.317793, 0.000477695
0.318078, 0.000477806
0.318364, 0.000475426
0.318649, 0.000470835
0.318934, 0.000466375
0.31922, 0.000463839
0.319505, 0.000463641
0.31979, 0.000466871
0.320075, 0.000473113
0.320361, 0.000475909
0.320646, 0.000479186
0.320931, 0.000477711
0.321216, 0.000476317
0.321502, 0.000475601
0.321787, 0.000475974
0.322072, 0.000477598
0.322358, 0.000478363
0.322643, 0.000477228
0.322928, 0.000473443
0.323213, 0.000468599
0.323499, 0.000465056
0.323784, 0.000463702
0.324069, 0.000465238
0.324354, 0.00047045
0.32464, 0.000475258
0.324925, 0.000478035
0.32521, 0.000479238
0.325496, 0.000477144
0.325781, 0.000476142
0.326066, 0.00047589
0.326351, 0.000477112
0.326637, 0.000478615
0.326922, 0.000478543
0.327207, 0.000475924
0.327492, 0.000471231
0.327778, 0.000466877
0.328063, 0.000464521
0.328348, 0.000464559
0.328634, 0.000468095
0.328919, 0.000474266
0.329204, 0.00047683
0.329489, 0.000480002
0.329775, 0.000478272
0.33006, 0.000476963
0.330345, 0.000476305
0.33063, 0.000476814
0.330916, 0.000478445
0.331201, 0.000479259
0.331486, 0.000477885
0.331772, 0.000473926
0.332057, 0.000469111
0.332342, 0.000465738
0.332627, 0.000464578
0.332913, 0.00046641
0.333198, 0.000471907
0.333483, 0.000476284
0.333768, 0.000479318
0.334054, 0.00047988
0.334339, 0.000477857
0.334624, 0.000476899
0.33491, 0.000476744
0.335195, 0.000478082
0.33548, 0.000479486
0.335765, 0.000479233
0.336051, 0.000476383
0.336336, 0.000471617
0.336621, 0.000467396
0.336906, 0.000465219
0.337192, 0.000465518
0.337477, 0.000469362
0.337762, 0.000475396
0.338048, 0.000477794
0.338333, 0.000480833
0.338618, 0.000478898
0.338903, 0.000477655
0.339189, 0.000477054
0.339474, 0.0004777
0.339759, 0.000479331
0.340044, 0.000480001
0.34033, 0.000478397
0.340615, 0.000474271
0.3409, 0.000469519
0.341186, 0.000466334
0.341471, 0.000465381
0.341756, 0.000467521
0.342041, 0.000473312
0.342327, 0.000477235
0.342612, 0.000480392
0.342897, 0.000480403
0.343182, 0.000478504
0.343468, 0.000477601
0.343753, 0.000477549
0.344038, 0.000478979
0.344324, 0.000480281
0.344609, 0.000479839
0.344894, 0.000476763
0.345179, 0.000471951
0.345465, 0.000467882
0.34575, 0.000465892
0.346035, 0.000466462
0.34632, 0.000470618
0.346606, 0.000476449
0.346891, 0.00047874
0.347176, 0.000481572
0.347461, 0.000479493
0.347747, 0.000478306
0.348032, 0.00047777
0.348317, 0.000478553
0.348603, 0.000480174
0.348888, 0.000480665
0.349173, 0.00047881
0.349458, 0.000474534
0.349744, 0.000469361
0.350029, 0.000466367
0.350314, 0.000465632
0.350599, 0.000468104
0.350885, 0.000474139
0.35117, 0.000477645
0.351455, 0.000480898
0.351741, 0.000480396
0.352026, 0.000478648
0.352311, 0.000477792
0.352596, 0.000477866
0.352882, 0.000479382
0.353167, 0.00048059
0.353452, 0.000479947
0.353737, 0.000476666
0.354023, 0.000471829
0.354308, 0.000467933
0.354593, 0.000466146
0.354879, 0.000467015
0.355164, 0.000471502
0.355449, 0.000477071
0.355734, 0.000479414
0.35602, 0.000481849
0.356305, 0.000479726
0.35659, 0.000478624
0.356875, 0.000478186
0.357161, 0.000479118
0.357446, 0.000480724
0.357731, 0.000480911
0.358017, 0.000478823
0.358302, 0.00047439
0.358587, 0.000469816
0.358872, 0.000467043
0.359158, 0.000466525
0.359443, 0.000469316
0.359728, 0.000475467
0.360013, 0.000478597
0.360299, 0.000481875
0.360584, 0.000480896
0.360869, 0.000479314
0.361155, 0.000478517
0.36144, 0.000478714
0.361725, 0.000480285
0.36201, 0.000481368
0.362296, 0.0004805
0.362581, 0.000476996
0.362866, 0.000472141
0.363151, 0.000468406
0.363437, 0.000466809
0.363722, 0.000467964
0.364007, 0.000472763
0.364293, 0.000477984
0.364578, 0.000480447
0.364863, 0.00048238
0.365148, 0.000480249
0.365434, 0.000479195
0.365719, 0.00047884
0.366004, 0.000479907
0.366289, 0.000481461
0.366575, 0.000481596
0.36686, 0.000479273
0.367145, 0.000474714
0.367431, 0.000470241
0.367716, 0.000467665
0.368001, 0.000467398
0.368286, 0.000470522
0.368572, 0.000476708
0.368857, 0.000479523
0.369142, 0.000482772
0.369427, 0.000481382
0.369713, 0.000479966
0.369998, 0.000479233
0.370283, 0.000479574
0.370569, 0.000481177
0.370854, 0.000482128
0.371139, 0.000481026
0.371424, 0.000477306
0.37171, 0.000472473
0.371995, 0.000468909
0.37228, 0.000467518
0.372565, 0.000468983
0.372851, 0.000474096
0.373136, 0.000478914
0.373421, 0.000481609
0.373707, 0.000482925
0.373992, 0.000480823
0.374277, 0.000479818
0.374562, 0.000479561
0.374848, 0.000480765
0.375133, 0.000482249
0.375418, 0.000482191
0.375703, 0.000479613
0.375989, 0.000474951
0.376274, 0.000470606
0.376559, 0.000468232
0.376845, 0.000468228
0.37713, 0.00047169
0.377415, 0.00047782
0.3777, 0.000480381
0.377986, 0.000483558
0.378271, 0.000481859
0.378556, 0.000480543
0.378841, 0.000479876
0.379127, 0.00048037
0.379412, 0.000481989
0.379697, 0.0004828
0.379983, 0.000481439
0.380268, 0.000477525
0.380553, 0.000472739
0.380838, 0.000469367
0.381124, 0.000468193
0.381409, 0.000469982
0.381694, 0.000475413
0.381979, 0.000479784
0.382265, 0.000482784
0.38255, 0.000483381
0.382835, 0.000481368
0.383121, 0.000480412
0.383406, 0.000480257
0.383691, 0.000481586
0.383976, 0.000482978
0.384262, 0.000482727
0.384547, 0.000479902
0.384832, 0.000475166
0.385117, 0.000470303
0.385403, 0.000468093
0.385688, 0.000468387
0.385973, 0.000472205
0.386259, 0.000478217
0.386544, 0.00048061
0.386829, 0.000483654
0.387114, 0.000481743
0.3874, 0.000480514
0.387685, 0.00047992
0.38797, 0.000480585
0.388255, 0.000482214
0.388541, 0.000482884
0.388826, 0.000481296
0.389111, 0.000477201
0.389397, 0.000472487
0.389682, 0.000469325
0.389967, 0.000468383
0.390252, 0.000470517
0.390538, 0.000476284
0.390823, 0.000480186
0.391108, 0.000483335
0.391393, 0.000483351
0.391679, 0.000481476
0.391964, 0.000480586
0.392249, 0.000480553
0.392534, 0.000481989
0.39282, 0.000483062
0.393105, 0.000482621
0.39339, 0.000479554
0.393676, 0.000474768
0.393961, 0.000470724
0.394246, 0.000468751
0.394531, 0.00046933
0.394817, 0.000473478
0.395102, 0.000479262
0.395387, 0.000481536
0.395672, 0.000484342
0.395958, 0.000482277
0.396243, 0.000481107
0.396528, 0.00048058
0.396814, 0.000481388
0.397099, 0.000483
0.397384, 0.000483479
0.397669, 0.000481615
0.397955, 0.00047735
0.39824, 0.000472714
0.398525, 0.000469774
0.39881, 0.000469044
0.399096, 0.000471516
0.399381, 0.000477515
0.399666, 0.000480954
0.399952, 0.00048418
0.400237, 0.000483639
0.400522, 0.000481917
0.400807, 0.000481073
0.401093, 0.000481162
0.401378, 0.000482679
0.401663, 0.000483849
0.401948, 0.000483176
0.402234, 0.000479877
0.402519, 0.000475057
0.402804, 0.000471188
0.40309, 0.000469418
0.403375, 0.000470304
0.40366, 0.000474789
0.403945, 0.000480273
0.404231, 0.000482593
0.404516, 0.000484988
0.404801, 0.000482845
0.405086, 0.000481733
0.405372, 0.000481288
0.405657, 0.000482247
0.405942, 0.000483831
0.406228, 0.000484104
0.406513, 0.000481991
0.406798, 0.000477569
0.407083, 0.000473035
0.407369, 0.000470305
0.407654, 0.000469822
0.407939, 0.000472643
0.408224, 0.000478762
0.40851, 0.000481813
0.408795, 0.000485071
0.40908, 0.000484029
0.409366, 0.000482481
0.409651, 0.000481699
0.409936, 0.000481926
0.410221, 0.000483498
0.410507, 0.000484538
0.410792, 0.000483629
0.411077, 0.000480103
0.411362, 0.000475283
0.411648, 0.000471593
0.411933, 0.000470033
0.412218, 0.000471238
0.412504, 0.000476063
0.412789, 0.000481179
0.413074, 0.000483641
0.413359, 0.000485477
0.413645, 0.000483353
0.41393, 0.000482306
0.414215, 0.000481962
0.4145, 0.000483073
0.414786, 0.000484603
0.415071, 0.000484699
0.415356, 0.000482321
0.415642, 0.000477764
0.415927, 0.000473338
0.416212, 0.000470814
0.416497, 0.000470598
0.416783, 0.000473772
0.417068, 0.000479908
0.417353, 0.000482635
0.417638, 0.00048586
0.417924, 0.000484388
0.418209, 0.000483015
0.418494, 0.000482301
0.41878, 0.000482686
0.419065, 0.000484287
0.41935, 0.000485188
0.419635, 0.000484029
0.419921, 0.000480275
0.420206, 0.000474938
0.420491, 0.000471412
0.420776, 0.000470081
0.421062, 0.000471627
0.421347, 0.000476803
0.421632, 0.000481502
0.421918, 0.0004843
0.422203, 0.000485398
0.422488, 0.000483339
0.422773, 0.000482353
0.423059, 0.000482122
0.423344, 0.000483377
0.423629, 0.000484839
0.423914, 0.00048474
0.4242, 0.000482108
0.424485, 0.000477457
0.42477, 0.000473166
0.425056, 0.000470863
0.425341, 0.000470939
0.425626, 0.000474486
0.425911, 0.000480553
0.426197, 0.000483046
0.426482, 0.000486171
0.426767, 0.000484418
0.427052, 0.000483149
0.427338, 0.000482515
0.427623, 0.000483074
0.427908, 0.000484691
0.428194, 0.00048528
0.428479, 0.000483863
0.428764, 0.000479906
0.429049, 0.000475166
0.429335, 0.000471867
0.42962, 0.00047076
0.429905, 0.000472645
0.43019, 0.000478155
0.430476, 0.000482359
0.430761, 0.000485395
0.431046, 0.000485803
0.431332, 0.000483851
0.431617, 0.00048291
0.431902, 0.0004828
0.432187, 0.000484171
0.432473, 0.000485519
0.432758, 0.000485199
0.433043, 0.000482303
0.433328, 0.000477574
0.433614, 0.000473429
0.433899, 0.000471333
0.434184, 0.000471707
0.43447, 0.000475606
0.434755, 0.000481493
0.43504, 0.000483814
0.435325, 0.000486742
0.435611, 0.000484783
0.435896, 0.000483589
0.436181, 0.000483023
0.436466, 0.000483744
0.436752, 0.000485354
0.437037, 0.000485941
0.437322, 0.000484242
0.437608, 0.000480097
0.437893, 0.00047543
0.438178, 0.000472347
0.438463, 0.000471472
0.438749, 0.000473709
0.439034, 0.000479554
0.439319, 0.000483234
0.439604, 0.000486386
0.43989, 0.000486188
0.440175, 0.000484384
0.44046, 0.000483506
0.440745, 0.000483518
0.441031, 0.000484983
0.441316, 0.000486205
0.441601, 0.000485676
0.441887, 0.000482526
0.442172, 0.000477739
0.442457, 0.000473767
0.442742, 0.000471883
0.443028, 0.000472572
0.443313, 0.000476827
0.443598, 0.000482449
0.443883, 0.000484733
0.444169, 0.000487328
0.444454, 0.000485244
0.444739, 0.000484116
0.445025, 0.00048363
0.44531, 0.000484514
0.445595, 0.000486095
0.44588, 0.00048649
0.446166, 0.00048452
0.446451, 0.000480206
0.446736, 0.000475634
0.447021, 0.000472787
0.447307, 0.00047215
0.447592, 0.000474749
0.447877, 0.000480787
0.448163, 0.000484024
0.448448, 0.000487248
0.448733, 0.000486488
0.449018, 0.000484864
0.449304, 0.000484052
0.449589, 0.000484204
0.449874, 0.000485743
0.450159, 0.000486837
0.450445, 0.000486067
0.45073, 0.000482674
0.451015, 0.000477855
0.451301, 0.000474074
0.451586, 0.000472408
0.451871, 0.000473426
0.452156, 0.000478039
0.452442, 0.000483316
0.452727, 0.000485693
0.453012, 0.000487797
0.453297, 0.000485675
0.453583, 0.000484607
0.453868, 0.000484211
0.454153, 0.000485252
0.454439, 0.000486794
0.454724, 0.00048698
0.455009, 0.000484746
0.455294, 0.000480287
0.45558, 0.000475083
0.455865, 0.000472415
0.45615, 0.000472066
0.456435, 0.000475054
0.456721, 0.000481193
0.457006, 0.000484073
0.457291, 0.00048732
0.457577, 0.000486078
0.457862, 0.000484641
0.458147, 0.000483908
0.458432, 0.000484229
0.458718, 0.000485825
0.459003, 0.000486795
0.459288, 0.000485784
0.459573, 0.000482152
0.459859, 0.000477362
0.460144, 0.000473787
0.460429, 0.000472355
0.460715, 0.000473728
0.461, 0.000478715
0.461285, 0.000483593
0.46157, 0.000486188
0.461856, 0.000487677
0.462141, 0.000485593
0.462426, 0.000484589
0.462711, 0.000484306
0.462997, 0.000485511
0.463282, 0.000486994
0.463567, 0.00048674
0.463853, 0.000484246
0.464138, 0.000479661
0.464423, 0.000475327
0.464708, 0.00047292
0.464994, 0.000472853
0.465279, 0.00047621
0.465564, 0.000482305
0.465849, 0.000484881
0.466135, 0.000488056
0.46642, 0.000486434
0.466705, 0.000485122
0.466991, 0.000484452
0.467276, 0.000484937
0.467561, 0.000486543
0.467846, 0.000487353
0.468132, 0.000486064
0.468417, 0.000482203
0.468702, 0.000477451
0.468987, 0.000474075
0.469273, 0.000472871
0.469558, 0.000474592
0.469843, 0.000479926
0.470129, 0.000484315
0.470414, 0.000487267
0.470699, 0.000487936
0.470984, 0.000485931
0.47127, 0.000484978
0.471555, 0.000484804
0.47184, 0.000486136
0.472125, 0.000487517
0.472411, 0.000487284
0.472696, 0.00048451
0.472981, 0.000479834
0.473267, 0.000475645
0.473552, 0.000473458
0.473837, 0.000473698
0.474122, 0.000477428
0.474408, 0.000483376
0.474693, 0.000485741
0.474978, 0.00048877
0.475263, 0.000486885
0.475549, 0.00048565
0.475834, 0.000485043
0.476119, 0.000485703
0.476405, 0.000487298
0.47669, 0.000487942
0.476975, 0.000486348
0.47726, 0.00048229
0.477546, 0.00047761
0.477831, 0.000474455
0.478116, 0.000473496
0.478401, 0.000475582
0.478687, 0.000481269
0.478972, 0.000485129
0.479257, 0.000488234
0.479543, 0.000488261
0.479828, 0.000486393
0.480113, 0.0004855
0.480398, 0.00048546
0.480684, 0.000486897
0.480969, 0.000488155
0.481254, 0.0004877
0.481539, 0.000484654
0.481825, 0.000479909
0.48211, 0.000475892
0.482395, 0.000473927
0.482681, 0.000474492
0.482966, 0.000478594
0.483251, 0.000484304
0.483536, 0.000486548
0.483822, 0.000489317
0.484107, 0.000487272
0.484392, 0.000486114
0.484677, 0.000485588
0.484963, 0.000486416
0.485248, 0.000487995
0.485533, 0.000488454
0.485818, 0.000486584
0.486104, 0.000482343
0.486389, 0.000477752
0.486674, 0.000474846
0.48696, 0.000474121
0.487245, 0.000476579
0.48753, 0.000482523
0.487815, 0.00048589
0.488101, 0.000489088
0.488386, 0.000488514
0.488671, 0.000486822
0.488956, 0.000485998
0.489242, 0.000486098
0.489527, 0.000487612
0.489812, 0.000488742
0.490098, 0.000488043
0.490383, 0.000484741
0.490668, 0.000479382
0.490953, 0.000475529
0.491239, 0.000473796
0.491524, 0.000474709
0.491809, 0.000479198
0.492094, 0.000484593
0.49238, 0.000486903
0.492665, 0.000489223
0.49295, 0.000487111
0.493236, 0.000486024
0.493521, 0.0004856
0.493806, 0.0004866
0.494091, 0.00048816
0.494377, 0.000488421
0.494662, 0.000486287
0.494947, 0.000481888
0.495232, 0.000477407
0.495518, 0.00047473
0.495803, 0.000474289
0.496088, 0.000477141
0.496374, 0.000483221
0.496659, 0.000486193
0.496944, 0.000489429
0.497229, 0.00048833
0.497515, 0.000486835
0.4978, 0.00048609
0.498085, 0.000486359
0.49837, 0.000487936
0.498656, 0.000488751
0.498941, 0.000487804
0.499226, 0.000484256
0.499512, 0.000479462
0.499797, 0.000475834
0.500082, 0.000474327
0.500367, 0.000475585
0.500653, 0.00048044
0.500938, 0.000485418
0.501223, 0.00048789
0.501508, 0.0004896
0.501794, 0.000487501
0.502079, 0.000486473
0.502364, 0.00048615
0.50265, 0.000487305
0.502935, 0.000488797
0.50322, 0.000488821
0.503505, 0.000486407
0.503791, 0.000481872
0.504076, 0.000477511
0.504361, 0.000475057
0.504646, 0.000474907
0.504932, 0.000478141
0.505217, 0.000484216
0.505502, 0.000486853
0.505788, 0.000490029
0.506073, 0.000488489
0.506358, 0.000487168
0.506643, 0.000486491
0.506929, 0.000486934
0.507214, 0.000488529
0.507499, 0.000489366
0.507784, 0.000488142
0.50807, 0.000484355
0.508355, 0.000479594
0.50864, 0.000476173
0.508926, 0.000474909
0.509211, 0.00047653
0.509496, 0.00048175
0.509781, 0.000486244
0.510067, 0.000489121
0.510352, 0.000489963
0.510637, 0.000487942
0.510922, 0.000486971
0.511208, 0.000486763
0.511493, 0.000488061
0.511778, 0.000489461
0.512064, 0.000489264
0.512349, 0.000486567
0.512634, 0.000481926
0.512919, 0.00047771
0.513205, 0.000475479
0.51349, 0.000475637
0.513775, 0.000479263
0.51406, 0.000485218
0.514346, 0.000487614
0.514631, 0.000490646
0.514916, 0.000488847
0.515202, 0.000487623
0.515487, 0.000487017
0.515772, 0.000487642
0.516057, 0.000489232
0.516343, 0.0004899
0.516628, 0.000488379
0.516913, 0.000484371
0.517198, 0.000479679
0.517484, 0.000476482
0.517769, 0.000475466
0.518054, 0.000477462
0.51834, 0.000483048
0.518625, 0.000487002
0.51891, 0.000490073
0.519195, 0.000490231
0.519481, 0.000488341
0.519766, 0.00048742
0.520051, 0.000487352
0.520336, 0.000488764
0.520622, 0.000490042
0.520907, 0.000489633
0.521192, 0.000486655
0.521478, 0.000481943
0.521763, 0.000477905
0.522048, 0.000475901
0.522333, 0.00047639
0.522619, 0.000480399
0.522904, 0.000486136
0.523189, 0.000488386
0.523474, 0.000491176
0.52376, 0.000489194
0.524045, 0.000488049
0.52433, 0.000487523
0.524616, 0.00048832
0.524901, 0.000489897
0.525186, 0.000490382
0.525471, 0.000488561
0.525757, 0.000484362
0.526042, 0.000478981
0.526327, 0.000475984
0.526612, 0.000475234
0.526898, 0.000477629
0.527183, 0.000483535
0.527468, 0.000486981
0.527754, 0.000490173
0.528039, 0.000489709
0.528324, 0.000488001
0.528609, 0.000487161
0.528895, 0.00048725
0.52918, 0.000488768
0.529465, 0.00048993
0.52975, 0.000489282
0.530036, 0.000486047
0.530321, 0.000481293
0.530606, 0.000477455
0.530891, 0.00047569
0.531177, 0.000476545
0.531462, 0.000480957
0.531747, 0.000486395
0.532033, 0.000488692
0.532318, 0.00049107
0.532603, 0.00048899
0.532888, 0.000487916
0.533174, 0.000487486
0.533459, 0.000488462
0.533744, 0.000490021
0.534029, 0.000490044
0.534315, 0.000487954
0.5346, 0.000483578
0.534885, 0.000479087
0.535171, 0.000476376
0.535456, 0.000475888
0.535741, 0.000478668
0.536026, 0.000484711
0.536312, 0.000487714
0.536597, 0.000490938
0.536882, 0.000489908
0.537167, 0.000488391
0.537453, 0.000487626
0.537738, 0.000487867
0.538023, 0.000489436
0.538309, 0.000490447
0.538594, 0.000489531
0.538879, 0.00048603
0.539164, 0.000481258
0.53945, 0.000477613
0.539735, 0.000476076
0.54002, 0.000477282
0.540305, 0.000482071
0.540591, 0.000487088
0.540876, 0.000489531
0.541161, 0.000491328
0.541447, 0.000489222
0.541732, 0.000488184
0.542017, 0.000487845
0.542302, 0.000488973
0.542588, 0.000490466
0.542873, 0.000490511
0.543158, 0.000488135
0.543443, 0.000483625
0.543729, 0.000479265
0.544014, 0.000476793
0.544299, 0.000476609
0.544585, 0.000479789
0.54487, 0.000485845
0.545155, 0.000488498
0.54544, 0.00049168
0.545726, 0.000490176
0.546011, 0.000488847
0.546296, 0.000488164
0.546581, 0.000488586
0.546867, 0.000490173
0.547152, 0.000491026
0.547437, 0.000489832
0.547723, 0.000486075
0.548008, 0.000481329
0.548293, 0.000477895
0.548578, 0.000476606
0.548864, 0.000478185
0.549149, 0.000483353
0.549434, 0.000487879
0.549719, 0.000490747
0.550005, 0.00049164
0.55029, 0.000489609
0.550575, 0.000488631
0.550861, 0.00048841
0.551146, 0.000489687
0.551431, 0.000491089
0.551716, 0.000490908
0.552002, 0.000488245
0.552287, 0.00048363
0.552572, 0.000479416
0.552857, 0.000477177
0.553143, 0.000477309
0.553428, 0.000480891
0.553713, 0.000486834
0.553999, 0.000489236
0.554284, 0.000492275
0.554569, 0.000490481
0.554854, 0.000489253
0.55514, 0.000488643
0.555425, 0.000489251
0.55571, 0.000490833
0.555995, 0.00049151
0.556281, 0.00049002
0.556566, 0.000486047
0.556851, 0.000481358
0.557137, 0.000478153
0.557422, 0.000477122
0.557707, 0.000479085
0.557992, 0.000484629
0.558278, 0.000488605
0.558563, 0.000491645
0.558848, 0.000491855
0.559133, 0.000489966
0.559419, 0.000489046
0.559704, 0.000488968
0.559989, 0.000490366
0.560275, 0.000491645
0.56056, 0.000491238
0.560845, 0.000488285
0.56113, 0.00048359
0.561416, 0.000478965
0.561701, 0.00047693
0.561986, 0.00047741
0.562271, 0.000481397
0.562557, 0.000487139
0.562842, 0.000489397
0.563127, 0.000492203
0.563413, 0.000490238
0.563698, 0.000489099
0.563983, 0.000488577
0.564268, 0.000489372
0.564554, 0.000490955
0.564839, 0.000491454
0.565124, 0.000489659
0.565409, 0.000485491
0.565695, 0.000480906
0.56598, 0.000477956
0.566265, 0.000477192
0.566551, 0.000479559
0.566836, 0.000485431
0.567121, 0.000488875
0.567406, 0.000492051
0.567692, 0.000491608
0.567977, 0.000489897
0.568262, 0.000489054
0.568547, 0.000489132
0.568833, 0.000490634
0.569118, 0.0004916
0.569403, 0.000490957
0.569689, 0.000487731
0.569974, 0.000482984
0.570259, 0.000479143
0.570544, 0.000477366
0.57083, 0.000478198
0.571115, 0.000482576
0.5714, 0.000487991
0.571685, 0.000490271
0.571971, 0.000492641
0.572256, 0.000490564
0.572541, 0.000489487
0.572827, 0.000489051
0.573112, 0.000490012
0.573397, 0.000491556
0.573682, 0.000491837
0.573968, 0.000489749
0.574253, 0.000485389
0.574538, 0.000480912
0.574823, 0.000478205
0.575109, 0.000477714
0.575394, 0.000480479
0.575679, 0.000486497
0.575965, 0.000489488
0.57625, 0.000492699
0.576535, 0.000491676
0.57682, 0.000490162
0.577106, 0.000489396
0.577391, 0.000489633
0.577676, 0.000491191
0.577961, 0.000492194
0.578247, 0.000491278
0.578532, 0.000487785
0.578817, 0.000483026
0.579102, 0.00047939
0.579388, 0.000477854
0.579673, 0.000479053
0.579958, 0.000483823
0.580244, 0.000488816
0.580529, 0.000491249
0.580814, 0.000493032
0.581099, 0.000490933
0.581385, 0.000489897
0.58167, 0.000489557
0.581955, 0.000490679
0.58224, 0.000492161
0.582526, 0.00049221
0.582811, 0.000489835
0.583096, 0.000485336
0.583382, 0.00048099
0.583667, 0.000478526
0.583952, 0.000478345
0.584237, 0.000481518
0.584523, 0.000487551
0.584808, 0.000490188
0.585093, 0.000493356
0.585378, 0.000491851
0.585664, 0.00049053
0.585949, 0.000489848
0.586234, 0.000490269
0.58652, 0.000491849
0.586805, 0.000492687
0.58709, 0.000491488
0.587375, 0.000487736
0.587661, 0.000483003
0.587946, 0.000479584
0.588231, 0.000478306
0.588516, 0.000479888
0.588802, 0.000485048
0.589087, 0.000489539
0.589372, 0.000492394
0.589658, 0.000493265
0.589943, 0.000491249
0.590228, 0.000490277
0.590513, 0.000490061
0.590799, 0.000491337
0.591084, 0.000492727
0.591369, 0.000492537
0.591654, 0.000489869
0.59194, 0.000485261
0.592225, 0.000481065
0.59251, 0.00047884
0.592796, 0.000478984
0.593081, 0.000482571
0.593366, 0.000488488
0.593651, 0.000490872
0.593937, 0.000493891
0.594222, 0.000492094
0.594507, 0.00049088
0.594792, 0.000490275
0.595078, 0.000490888
0.595363, 0.000492463
0.595648, 0.000493126
0.595934, 0.000491619
0.596219, 0.000487645
0.596504, 0.000482136
0.596789, 0.000478902
0.597075, 0.0004779
0.59736, 0.000479893
0.597645, 0.000485461
0.59793, 0.000489407
0.598216, 0.000492474
0.598501, 0.000492644
0.598786, 0.000490773
0.599072, 0.000489867
0.599357, 0.00048981
0.599642, 0.000491224
0.599927, 0.000492502
0.600213, 0.000492103
0.600498, 0.000489148
0.600783, 0.000484471
0.601068, 0.000480459
0.601354, 0.000478479
0.601639, 0.000478987
0.601924, 0.000482996
0.60221, 0.000488709
0.602495, 0.000490953
0.60278, 0.000493735
0.603065, 0.000491768
0.603351, 0.000490639
0.603636, 0.000490125
0.603921, 0.000490929
0.604206, 0.000492501
0.604492, 0.000492706
0.604777, 0.000490895
0.605062, 0.000486717
0.605348, 0.000482151
0.605633, 0.000479225
0.605918, 0.000478477
0.606203, 0.000480865
0.606489, 0.000486734
0.606774, 0.000490125
0.607059, 0.000493294
0.607344, 0.000492799
0.60763, 0.000491108
0.607915, 0.000490271
0.6082, 0.000490361
0.608486, 0.000491864
0.608771, 0.000492998
0.609056, 0.00049233
0.609341, 0.000489088
0.609627, 0.00048435
0.609912, 0.000480538
0.610197, 0.000478789
0.610482, 0.000479653
0.610768, 0.000484058
0.611053, 0.000489422
0.611338, 0.000491699
0.611624, 0.000494045
0.611909, 0.000491948
0.612194, 0.000490861
0.612479, 0.000490425
0.612765, 0.000491397
0.61305, 0.000492932
0.613335, 0.000493174
0.61362, 0.00049107
0.613906, 0.000486714
0.614191, 0.000482263
0.614476, 0.000479595
0.614762, 0.000479135
0.615047, 0.000481935
0.615332, 0.000487945
0.615617, 0.000490888
0.615903, 0.00049409
0.616188, 0.000493016
0.616473, 0.000491525
0.616758, 0.000490778
0.617044, 0.000491034
0.617329, 0.000492591
0.617614, 0.000493567
0.6179, 0.000492624
0.618185, 0.000489109
0.61847, 0.000484356
0.618755, 0.000480754
0.619041, 0.000479255
0.619326, 0.000480495
0.619611, 0.0004853
0.619896, 0.000490221
0.620182, 0.000492668
0.620467, 0.000494361
0.620752, 0.000492285
0.621038, 0.000491265
0.621323, 0.000490943
0.621608, 0.000492085
0.621893, 0.000493554
0.622179, 0.000493567
0.622464, 0.000491164
0.622749, 0.00048666
0.623034, 0.000482339
0.62332, 0.000479909
0.623605, 0.000479765
0.62389, 0.000482983
0.624175, 0.000488994
0.624461, 0.000491585
0.624746, 0.000494725
0.625031, 0.000493186
0.625317, 0.000491887
0.625602, 0.000491216
0.625887, 0.000491662
0.626172, 0.000493234
0.626458, 0.000494047
0.626743, 0.000492806
0.627028, 0.00048904
0.627313, 0.00048433
0.627599, 0.00048095
0.627884, 0.000479711
0.628169, 0.00048134
0.628455, 0.00048654
0.62874, 0.00049094
0.629025, 0.000493825
0.62931, 0.000494587
0.629596, 0.000492593
0.629881, 0.000491636
0.630166, 0.000491444
0.630451, 0.000492738
0.630737, 0.000494104
0.631022, 0.000493891
0.631307, 0.000491184
0.631593, 0.000486573
0.631878, 0.000481824
0.632163, 0.000479607
0.632448, 0.000479807
0.632734, 0.000483453
0.633019, 0.000489349
0.633304, 0.000491702
0.633589, 0.000494693
0.633875, 0.000492887
0.63416, 0.000491688
0.634445, 0.000491099
0.634731, 0.000491746
0.635016, 0.000493321
0.635301, 0.000493967
0.635586, 0.000492423
0.635872, 0.000488427
0.636157, 0.000483798
0.636442, 0.000480665
0.636727, 0.000479701
0.637013, 0.000481742
0.637298, 0.000487347
0.637583, 0.000491181
0.637869, 0.000494249
0.638154, 0.000494309
0.638439, 0.000492471
0.638724, 0.000491584
0.63901, 0.000491553
0.639295, 0.000492976
0.63958, 0.00049402
0.639865, 0.000493575
0.640151, 0.000490567
0.640436, 0.000485876
0.640721, 0.000481901
0.641007, 0.000479952
0.641292, 0.000480506
0.641577, 0.00048456
0.641862, 0.000490193
0.642148, 0.000492407
0.642433, 0.000495144
0.642718, 0.000493128
0.643003, 0.000491989
0.643289, 0.000491474
0.643574, 0.000492296
0.643859, 0.00049385
0.644145, 0.00049427
0.64443, 0.000492415
0.644715, 0.00048822
0.645, 0.000483687
0.645286, 0.000480827
0.645571, 0.000480122
0.645856, 0.000482573
0.646141, 0.000488461
0.646427, 0.000491758
0.646712, 0.000494923
0.646997, 0.000494322
0.647283, 0.000492671
0.647568, 0.000491862
0.647853, 0.00049198
0.648138, 0.000493486
0.648424, 0.000494578
0.648709, 0.000493861
0.648994, 0.00049058
0.649279, 0.000485844
0.649565, 0.000482073
0.64985, 0.000480376
0.650135, 0.000481301
0.650421, 0.000485766
0.650706, 0.000491028
0.650991, 0.000493302
0.651276, 0.000495518
0.651562, 0.000493441
0.651847, 0.000492379
0.652132, 0.000491968
0.652417, 0.000492972
0.652703, 0.000494489
0.652988, 0.000494697
0.653273, 0.000492538
0.653559, 0.00048816
0.653844, 0.000483733
0.654129, 0.000481111
0.654414, 0.000480705
0.6547, 0.000483576
0.654985, 0.000489584
0.65527, 0.000492437
0.655555, 0.000495619
0.655841, 0.00049445
0.656126, 0.00049302
0.656411, 0.000492285
0.656697, 0.000492576
0.656982, 0.000494127
0.657267, 0.000495065
0.657552, 0.000494064
0.657838, 0.000490506
0.658123, 0.000485779
0.658408, 0.000482226
0.658693, 0.000480781
0.658979, 0.000482092
0.659264, 0.000486964
0.659549, 0.000491761
0.659835, 0.000494287
0.66012, 0.00049578
0.660405, 0.000493722
0.66069, 0.000492723
0.660976, 0.000492428
0.661261, 0.000493606
0.661546, 0.000495045
0.661831, 0.000495017
0.662117, 0.00049255
0.662402, 0.00048803
0.662687, 0.000483756
0.662973, 0.000481376
0.663258, 0.000481301
0.663543, 0.000484598
0.663828, 0.00049058
0.664114, 0.000493097
0.664399, 0.000496238
0.664684, 0.000494622
0.664969, 0.000493323
0.665255, 0.000492653
0.66554, 0.000493128
0.665825, 0.000494693
0.666111, 0.000495468
0.666396, 0.000494176
0.666681, 0.000490357
0.666966, 0.000484815
0.667252, 0.000481449
0.667537, 0.000480286
0.667822, 0.000482014
0.668107, 0.000487308
0.668393, 0.000491585
0.668678, 0.000494516
0.668963, 0.000495129
0.669248, 0.000493175
0.669534, 0.00049225
0.669819, 0.000492109
0.670104, 0.000493442
0.67039, 0.000494783
0.670675, 0.000494528
0.67096, 0.000491762
0.671245, 0.000487145
0.671531, 0.000483039
0.671816, 0.000480921
0.672101, 0.000481211
0.672386, 0.000484952
0.672672, 0.000490782
0.672957, 0.000493096
0.673242, 0.000496038
0.673528, 0.000494175
0.673813, 0.000492995
0.674098, 0.000492423
0.674383, 0.000493115
0.674669, 0.000494686
0.674954, 0.000494983
0.675239, 0.000493361
0.675524, 0.000489322
0.67581, 0.000484716
0.676095, 0.000481649
0.67638, 0.000480746
0.676666, 0.00048288
0.676951, 0.000488569
0.677236, 0.00049225
0.677521, 0.000495329
0.677807, 0.000495225
0.678092, 0.000493447
0.678377, 0.000492583
0.678662, 0.000492582
0.678948, 0.000494016
0.679233, 0.000495213
0.679518, 0.000494702
0.679804, 0.000491631
0.680089, 0.000486948
0.680374, 0.000483026
0.680659, 0.00048115
0.680945, 0.000481798
0.68123, 0.000485951
0.681515, 0.000491483
0.6818, 0.000493721
0.682086, 0.000496302
0.682371, 0.000494268
0.682656, 0.000493162
0.682942, 0.00049268
0.683227, 0.00049356
0.683512, 0.000495099
0.683797, 0.000495482
0.684083, 0.000493546
0.684368, 0.000489307
0.684653, 0.000484809
0.684938, 0.000482006
0.685224, 0.000481374
0.685509, 0.000483928
0.685794, 0.000489857
0.68608, 0.000493013
0.686365, 0.000496192
0.68665, 0.00049543
0.686935, 0.000493845
0.687221, 0.000493047
0.687506, 0.000493202
0.687791, 0.000494714
0.688076, 0.000495767
0.688362, 0.000494989
0.688647, 0.000491632
0.688932, 0.000486905
0.689218, 0.000483199
0.689503, 0.000481575
0.689788, 0.0004826
0.690073, 0.000487166
0.690359, 0.000492295
0.690644, 0.000494647
0.690929, 0.000496653
0.691214, 0.000494576
0.6915, 0.000493544
0.691785, 0.000493175
0.69207, 0.000494231
0.692356, 0.00049572
0.692641, 0.00049586
0.692926, 0.000493613
0.693211, 0.0004892
0.693497, 0.000484818
0.693782, 0.000482265
0.694067, 0.000481953
0.694352, 0.000484937
0.694638, 0.000490934
0.694923, 0.000493676
0.695208, 0.000496854
0.695494, 0.000495536
0.695779, 0.000494152
0.696064, 0.000493429
0.696349, 0.000493767
0.696635, 0.000495322
0.69692, 0.000496224
0.697205, 0.000495129
0.69749, 0.000491501
0.697776, 0.000486794
0.698061, 0.00048332
0.698346, 0.000481955
0.698632, 0.00048338
0.698917, 0.000488359
0.699202, 0.000493
0.699487, 0.000495633
0.699773, 0.000496871
0.700058, 0.000494841
0.700343, 0.000493872
0.700628, 0.00049362
0.700914, 0.000494837
0.701199, 0.000496242
0.701484, 0.00049614
0.70177, 0.000493586
0.702055, 0.000489049
0.70234, 0.000484225
0.702625, 0.0004819
0.702911, 0.000481933
0.703196, 0.000485364
0.703481, 0.000491299
0.703766, 0.000493741
0.704052, 0.000496818
0.704337, 0.000495124
0.704622, 0.000493879
0.704908, 0.000493249
0.705193, 0.000493801
0.705478, 0.000495381
0.705763, 0.000496111
0.706049, 0.000494722
0.706334, 0.00049085
0.706619, 0.000486206
0.706904, 0.00048297
0.70719, 0.00048188
0.707475, 0.000483726
0.70776, 0.000489125
0.708046, 0.000493216
0.708331, 0.0004962
0.708616, 0.000496587
0.708901, 0.000494691
0.709187, 0.000493774
0.709472, 0.000493669
0.709757, 0.000495024
0.710042, 0.000496117
0.710328, 0.000495793
0.710613, 0.000492927
0.710898, 0.000488291
0.711184, 0.000484239
0.711469, 0.000482196
0.711754, 0.000482582
0.712039, 0.000486434
0.712325, 0.000492155
0.71261, 0.000494403
0.712895, 0.000497245
0.71318, 0.000495313
0.713466, 0.000494167
0.713751, 0.000493628
0.714036, 0.000494384
0.714322, 0.000495936
0.714607, 0.00049646
0.714892, 0.000494738
0.715177, 0.000490634
0.715463, 0.000486062
0.715748, 0.00048308
0.716033, 0.000482263
0.716318, 0.000484525
0.716604, 0.000490291
0.716889, 0.000493777
0.717174, 0.0004969
0.717459, 0.00049657
0.717745, 0.00049484
0.71803, 0.000493985
0.718315, 0.000494026
0.718601, 0.000495485
0.718886, 0.000496642
0.719171, 0.000496025
0.719456, 0.000492871
0.719742, 0.000488176
0.720027, 0.000484333
0.720312, 0.000482541
0.720597, 0.00048331
0.720883, 0.000487587
0.721168, 0.000492983
0.721453, 0.000495234
0.721739, 0.000497637
0.722024, 0.000495593
0.722309, 0.000494519
0.722594, 0.000494074
0.72288, 0.000495007
0.723165, 0.000496524
0.72345, 0.000496823
0.723735, 0.000494787
0.724021, 0.000490494
0.724306, 0.000486042
0.724591, 0.000483327
0.724877, 0.000482804
0.725162, 0.000485496
0.725447, 0.000491441
0.725732, 0.000494436
0.726018, 0.000497619
0.726303, 0.000496653
0.726588, 0.000495136
0.726873, 0.000494364
0.727159, 0.000494582
0.727444, 0.000496115
0.727729, 0.000497115
0.728015, 0.000496224
0.7283, 0.000492784
0.728585, 0.000488069
0.72887, 0.000484449
0.729156, 0.000482907
0.729441, 0.000484065
0.729726, 0.000488762
0.730011, 0.000493727
0.730297, 0.000496127
0.730582, 0.000497918
0.730867, 0.000495853
0.731153, 0.000494835
0.731438, 0.000494495
0.731723, 0.000495598
0.732008, 0.000497061
0.732294, 0.000497126
0.732579, 0.000494776
0.732864, 0.000490319
0.733149, 0.000486002
0.733435, 0.000483547
0.73372, 0.000483351
0.734005, 0.000486478
0.734291, 0.000492448
0.734576, 0.000495058
0.734861, 0.000498198
0.735146, 0.000496716
0.735432, 0.00049541
0.735717, 0.000494733
0.736002, 0.00049515
0.736287, 0.000496711
0.736573, 0.000497536
0.736858, 0.000496345
0.737143, 0.000492626
0.737429, 0.000487014
0.737714, 0.000483568
0.737999, 0.000482312
0.738284, 0.000483894
0.73857, 0.00048903
0.738855, 0.000493482
0.73914, 0.000496326
0.739425, 0.000497191
0.739711, 0.000495208
0.739996, 0.000494258
0.740281, 0.000494059
0.740567, 0.000495337
0.740852, 0.000496719
0.741137, 0.000496532
0.741422, 0.000493883
0.741708, 0.000489318
0.741993, 0.000485171
0.742278, 0.000482983
0.742563, 0.000483151
0.742849, 0.000486741
0.743134, 0.000492612
0.743419, 0.000494972
0.743705, 0.000497967
0.74399, 0.0004962
0.744275, 0.00049501
0.74456, 0.000494422
0.744846, 0.000495051
0.745131, 0.000496621
0.745416, 0.000496959
0.745701, 0.000495452
0.745987, 0.000491504
0.746272, 0.00048689
0.746557, 0.000483749
0.746843, 0.000482763
0.747128, 0.000484759
0.747413, 0.000490299
0.747698, 0.00049414
0.747984, 0.000497184
0.748269, 0.000497282
0.748554, 0.000495441
0.748839, 0.000494546
0.749125, 0.000494502
0.74941, 0.000495905
0.749695, 0.000497141
0.749981, 0.000496708
0.750266, 0.000493737
0.750551, 0.000489083
0.750836, 0.000485124
0.751122, 0.000483175
0.751407, 0.000483709
0.751692, 0.00048772
0.751977, 0.000493331
0.752263, 0.000495532
0.752548, 0.000498275
0.752833, 0.000496277
0.753119, 0.000495143
0.753404, 0.000494625
0.753689, 0.000495433
0.753974, 0.000496973
0.75426, 0.000497424
0.754545, 0.000495579
0.75483, 0.000491409
0.755115, 0.000486898
0.755401, 0.000484043
0.755686, 0.000483333
0.755971, 0.000485758
0.756257, 0.000491603
0.756542, 0.000494882
0.756827, 0.000498027
0.757112, 0.000497438
0.757398, 0.000495795
0.757683, 0.000494988
0.757968, 0.000495101
0.758253, 0.000496594
0.758539, 0.000497677
0.758824, 0.000496964
0.759109, 0.000493705
0.759395, 0.000489001
0.75968, 0.000485252
0.759965, 0.000483563
0.76025, 0.000484482
0.760536, 0.000488922
0.760821, 0.000494146
0.761106, 0.000496423
0.761391, 0.000498612
0.761677, 0.000496548
0.761962, 0.000495493
0.762247, 0.000495084
0.762532, 0.000496088
0.762818, 0.00049759
0.763103, 0.000497791
0.763388, 0.000495636
0.763674, 0.000491281
0.763959, 0.000486883
0.764244, 0.000484281
0.764529, 0.000483883
0.764815, 0.000486748
0.7651, 0.000492721
0.765385, 0.00049554
0.76567, 0.000498701
0.765956, 0.000497522
0.766241, 0.000496107
0.766526, 0.000495377
0.766812, 0.00049567
0.767097, 0.000497209
0.767382, 0.000498132
0.767667, 0.000497124
0.767953, 0.000493575
0.768238, 0.00048888
0.768523, 0.000485359
0.768808, 0.000483934
0.769094, 0.000485256
0.769379, 0.000490119
0.769664, 0.000494858
0.76995, 0.000497389
0.770235, 0.000498827
0.77052, 0.000496789
0.770805, 0.000495807
0.771091, 0.00049552
0.771376, 0.000496701
0.771661, 0.000498121
0.771946, 0.000498075
0.772232, 0.000495599
0.772517, 0.000491095
0.772802, 0.000486252
0.773088, 0.000483874
0.773373, 0.000483829
0.773658, 0.000487149
0.773943, 0.000493094
0.774229, 0.000495584
0.774514, 0.000498695
0.774799, 0.000497074
0.775084, 0.000495802
0.77537, 0.000495151
0.775655, 0.00049565
0.77594, 0.000497216
0.776226, 0.000497983
0.776511, 0.000496644
0.776796, 0.000492841
0.777081, 0.0004882
0.777367, 0.000484936
0.777652, 0.000483797
0.777937, 0.000485552
0.778222, 0.000490847
0.778508, 0.000495033
0.778793, 0.000497959
0.779078, 0.000498497
0.779364, 0.000496575
0.779649, 0.000495657
0.779934, 0.000495528
0.780219, 0.000496857
0.780505, 0.000497956
0.78079, 0.000497671
0.781075, 0.000494881
0.78136, 0.000490276
0.781646, 0.000486206
0.781931, 0.00048412
0.782216, 0.000484436
0.782502, 0.000488193
0.782787, 0.000493943
0.783072, 0.000496211
0.783357, 0.000499098
0.783643, 0.00049721
0.783928, 0.000496043
0.784213, 0.000495479
0.784498, 0.00049619
0.784784, 0.000497739
0.785069, 0.000498304
0.785354, 0.000496648
0.78564, 0.000492603
0.785925, 0.00048804
0.78621, 0.000485022
0.786495, 0.000484156
0.786781, 0.000486333
0.787066, 0.000492035
0.787351, 0.000495599
0.787636, 0.000498682
0.787922, 0.000498478
0.788207, 0.00049673
0.788492, 0.000495873
0.788778, 0.000495888
0.789063, 0.00049732
0.789348, 0.000498487
0.789633, 0.000497923
0.789919, 0.000494824
0.790204, 0.00049016
0.790489, 0.000486291
0.790774, 0.000484464
0.79106, 0.000485163
0.791345, 0.000489353
0.79163, 0.000494784
0.791916, 0.000497015
0.792201, 0.000499494
0.792486, 0.000497458
0.792771, 0.000496379
0.793057, 0.000495922
0.793342, 0.000496829
0.793627, 0.000498343
0.793912, 0.000498676
0.794198, 0.00049669
0.794483, 0.00049244
0.794768, 0.00048798
0.795054, 0.000485236
0.795339, 0.000484666
0.795624, 0.00048728
0.795909, 0.000493186
0.796195, 0.000496237
0.79648, 0.000499402
0.796765, 0.000498534
0.79705, 0.000496992
0.797336, 0.000496209
0.797621, 0.000496394
0.797906, 0.000497908
0.798192, 0.000498929
0.798477, 0.000498073
0.798762, 0.000494685
0.799047, 0.00048998
0.799333, 0.000486345
0.799618, 0.000484779
0.799903, 0.000485876
0.800188, 0.000490499
0.800474, 0.000495504
0.800759, 0.000497876
0.801044, 0.000499734
0.80133, 0.000497687
0.801615, 0.000496674
0.8019, 0.000496325
0.802185, 0.000497401
0.802471, 0.000498861
0.802756, 0.000498947
0.803041, 0.000496647
0.803326, 0.000492235
0.803612, 0.000487916
0.803897, 0.000485433
0.804182, 0.000485196
0.804468, 0.000488258
0.804753, 0.00049421
0.805038, 0.000496851
0.805323, 0.000499994
0.805609, 0.000498573
0.805894, 0.000497247
0.806179, 0.000496549
0.806464, 0.000496938
0.80675, 0.000498492
0.807035, 0.000499339
0.80732, 0.000498187
0.807606, 0.000494515
0.807891, 0.000488924
0.808176, 0.000485467
0.808461, 0.000484179
0.808747, 0.000485706
0.809032, 0.000490775
0.809317, 0.000495275
0.809602, 0.000498104
0.809888, 0.000499039
0.810173, 0.00049704
0.810458, 0.000496079
0.810743, 0.000495861
0.811029, 0.000497112
0.811314, 0.000498498
0.811599, 0.000498339
0.811885, 0.000495731
0.81217, 0.000491197
0.812455, 0.000487049
0.81274, 0.000484847
0.813026, 0.000484979
0.813311, 0.000488511
0.813596, 0.000494375
0.813881, 0.000496749
0.814167, 0.000499754
0.814452, 0.000498002
0.814737, 0.000496806
0.815023, 0.000496213
0.815308, 0.000496821
0.815593, 0.000498386
0.815878, 0.000498708
0.816164, 0.000497237
0.816449, 0.00049332
0.816734, 0.000488716
0.817019, 0.000485562
0.817305, 0.000484553
0.81759, 0.000486504
0.817875, 0.000491988
0.818161, 0.000495868
0.818446, 0.000498892
0.818731, 0.000499053
0.819016, 0.000497203
0.819302, 0.000496303
0.819587, 0.000496243
0.819872, 0.000497627
0.820157, 0.00049887
0.820443, 0.000498459
0.820728, 0.000495523
0.821013, 0.000490892
0.821299, 0.000486931
0.821584, 0.00048497
0.821869, 0.000485472
0.822154, 0.000489435
0.82244, 0.00049505
0.822725, 0.000497248
0.82301, 0.00049998
0.823295, 0.000498026
0.823581, 0.000496907
0.823866, 0.000496394
0.824151, 0.000497193
0.824437, 0.000498729
0.824722, 0.000499196
0.825007, 0.000497374
0.825292, 0.000493233
0.825578, 0.000488724
0.825863, 0.000485849
0.826148, 0.000485119
0.826433, 0.000487504
0.826719, 0.000493312
0.827004, 0.000496603
0.827289, 0.000499739
0.827575, 0.000499192
0.82786, 0.000497544
0.828145, 0.000496738
0.82843, 0.000496842
0.828716, 0.000498326
0.829001, 0.000499413
0.829286, 0.000498715
0.829571, 0.000495471
0.829857, 0.000490782
0.830142, 0.000487034
0.830427, 0.000485332
0.830713, 0.000486226
0.830998, 0.000490627
0.831283, 0.000495852
0.831568, 0.000498102
0.831854, 0.000500328
0.832139, 0.000498272
0.832424, 0.000497218
0.832709, 0.000496803
0.832995, 0.000497792
0.83328, 0.000499289
0.833565, 0.000499488
0.833851, 0.000497355
0.834136, 0.000493022
0.834421, 0.000488634
0.834706, 0.000486031
0.834992, 0.000485621
0.835277, 0.000488458
0.835562, 0.000494406
0.835847, 0.00049723
0.836133, 0.000500384
0.836418, 0.00049923
0.836703, 0.000497816
0.836989, 0.000497088
0.837274, 0.000497372
0.837559, 0.000498904
0.837844, 0.000499826
0.83813, 0.000498829
0.838415, 0.000495305
0.8387, 0.000490625
0.838985, 0.000487107
0.839271, 0.000485678
0.839556, 0.000486983
0.839841, 0.000491817
0.840127, 0.000496551
0.840412, 0.000499064
0.840697, 0.000500521
0.840982, 0.000498489
0.841268, 0.000497504
0.841553, 0.000497214
0.841838, 0.000498386
0.842123, 0.000499801
0.842409, 0.00049976
0.842694, 0.000497298
0.842979, 0.000492812
0.843265, 0.000487981
0.84355, 0.000485604
0.843835, 0.000485553
0.84412, 0.000488855
0.844406, 0.000494781
0.844691, 0.000497264
0.844976, 0.000500368
0.845261, 0.000498755
0.845547, 0.000497486
0.845832, 0.000496834
0.846117, 0.000497328
0.846403, 0.000498886
0.846688, 0.00049965
0.846973, 0.000498338
0.847258, 0.000494547
0.847544, 0.000489916
0.847829, 0.000486657
0.848114, 0.000485519
0.848399, 0.000487262
0.848685, 0.000492537
0.84897, 0.000496709
0.849255, 0.000499626
0.849541, 0.000500162
0.849826, 0.000498246
0.850111, 0.000497331
0.850396, 0.000497201
0.850682, 0.000498525
0.850967, 0.000499613
0.851252, 0.000499328
0.851537, 0.000496545
0.851823, 0.000491954
0.852108, 0.000487898
0.852393, 0.000485819
0.852679, 0.000486134
0.852964, 0.000489881
0.853249, 0.000495609
0.853534, 0.000497867
0.85382, 0.000500743
0.854105, 0.000498859
0.85439, 0.000497698
0.854675, 0.000497136
0.854961, 0.000497849
0.855246, 0.00049939
0.855531, 0.000499948
0.855816, 0.000498292
0.856102, 0.000494255
0.856387, 0.000489707
0.856672, 0.000486701
0.856958, 0.000485841
0.857243, 0.000488018
0.857528, 0.000493706
0.857813, 0.000497244
0.858099, 0.000500328
0.858384, 0.000500108
0.858669, 0.000498366
0.858954, 0.00049751
0.85924, 0.000497528
0.859525, 0.000498959
0.85981, 0.000500116
0.860096, 0.000499566
0.860381, 0.000496464
0.860666, 0.000491812
0.860951, 0.000487958
0.861237, 0.000486142
0.861522, 0.000486847
0.861807, 0.000491035
0.862092, 0.000496434
0.862378, 0.000498661
0.862663, 0.000501113
0.862948, 0.00049908
0.863234, 0.000498006
0.863519, 0.000497552
0.863804, 0.00049846
0.864089, 0.000499967
0.864375, 0.000500289
0.86466, 0.000498297
0.864945, 0.000494054
0.86523, 0.000489613
0.865516, 0.000486887
0.865801, 0.00048633
0.866086, 0.000488954
0.866372, 0.000494847
0.866657, 0.000497866
0.866942, 0.000501023
0.867227, 0.000500131
0.867513, 0.000498605
0.867798, 0.000497828
0.868083, 0.000498023
0.868368, 0.000499534
0.868654, 0.000500541
0.868939, 0.000499673
0.869224, 0.00049628
0.86951, 0.000491588
0.869795, 0.000487975
0.87008, 0.000486425
0.870365, 0.00048754
0.870651, 0.000492171
0.870936, 0.000497136
0.871221, 0.000499504
0.871506, 0.000501323
0.871792, 0.000499282
0.872077, 0.000498273
0.872362, 0.00049793
0.872648, 0.000499015
0.872933, 0.000500468
0.873218, 0.000500537
0.873503, 0.000498224
0.873789, 0.000493816
0.874074, 0.000489517
0.874359, 0.000487057
0.874644, 0.00048684
0.87493, 0.00048992
0.875215, 0.00049585
0.8755, 0.000498459
0.875786, 0.000501586
0.876071, 0.000500141
0.876356, 0.000498835
0.876641, 0.00049816
0.876927, 0.000498561
0.877212, 0.000500109
0.877497, 0.000500938
0.877782, 0.000499766
0.878068, 0.000496082
0.878353, 0.000490443
0.878638, 0.000487001
0.878924, 0.000485737
0.879209, 0.000487291
0.879494, 0.000492376
0.879779, 0.000496817
0.880065, 0.000499641
0.88035, 0.000500523
0.880635, 0.000498548
0.88092, 0.0004976
0.881206, 0.000497396
0.881491, 0.000498657
0.881776, 0.000500029
0.882062, 0.000499847
0.882347, 0.000497222
0.882632, 0.000492689
0.882917, 0.000488566
0.883203, 0.000486389
0.883488, 0.000486549
0.883773, 0.000490108
0.884058, 0.00049594
0.884344, 0.000498286
0.884629, 0.000501264
0.884914, 0.000499512
0.8852, 0.00049833
0.885485, 0.000497744
0.88577, 0.000498366
0.886055, 0.000499923
0.886341, 0.00050023
0.886626, 0.000498732
0.886911, 0.000494806
0.887196, 0.000490225
0.887482, 0.000487104
0.887767, 0.000486124
0.888052, 0.000488109
0.888338, 0.000493617
0.888623, 0.000497424
0.888908, 0.00050045
0.889193, 0.000500539
0.889479, 0.000498716
0.889764, 0.000497828
0.890049, 0.000497785
0.890334, 0.000499179
0.89062, 0.000500401
0.890905, 0.000499964
0.89119, 0.000497003
0.891476, 0.000492377
0.891761, 0.000488447
0.892046, 0.000486518
0.892331, 0.000487058
0.892617, 0.000491057
0.892902, 0.000496617
0.893187, 0.000498799
0.893472, 0.000501508
0.893758, 0.000499524
0.894043, 0.000498403
0.894328, 0.000497894
0.894614, 0.000498704
0.894899, 0.000500231
0.895184, 0.000500654
0.895469, 0.000498807
0.895755, 0.000494657
0.89604, 0.000490177
0.896325, 0.000487354
0.89661, 0.000486663
0.896896, 0.000489097
0.897181, 0.000494917
0.897466, 0.000498142
0.897752, 0.000501268
0.898037, 0.000500648
0.898322, 0.000499034
0.898607, 0.000498238
0.898893, 0.000498359
0.899178, 0.000499844
0.899463, 0.000500905
0.899748, 0.000500177
0.900034, 0.00049691
0.900319, 0.000492242
0.900604, 0.000488532
0.900889, 0.000486873
0.901175, 0.000487816
0.90146, 0.00049226
0.901745, 0.000497411
0.902031, 0.000499706
0.902316, 0.00050181
0.902601, 0.000499756
0.902886, 0.000498717
0.903172, 0.00049832
0.903457, 0.000499336
0.903742, 0.000500817
0.904027, 0.000500992
0.904313, 0.00049882
0.904598, 0.000494479
0.904883, 0.000490128
0.905169, 0.000487562
0.905454, 0.000487199
0.905739, 0.000490087
0.906024, 0.000496024
0.90631, 0.000498782
0.906595, 0.000501942
0.90688, 0.000500708
0.907165, 0.000499312
0.907451, 0.000498585
0.907736, 0.000498893
0.908021, 0.000500423
0.908307, 0.000501322
0.908592, 0.000500296
0.908877, 0.000496736
0.909162, 0.000492069
0.909448, 0.000488597
0.909733, 0.000487212
0.910018, 0.000488573
0.910303, 0.000493456
0.910589, 0.000498096
0.910874, 0.00050066
0.911159, 0.000501981
0.911445, 0.000499966
0.91173, 0.000498997
0.912015, 0.000498735
0.9123, 0.00049993
0.912586, 0.000501322
0.912871, 0.000501239
0.913156, 0.000498745
0.913441, 0.000494253
0.913727, 0.000489453
0.914012, 0.000487124
0.914297, 0.000487126
0.914583, 0.000490488
0.914868, 0.000496372
0.915153, 0.000498806
0.915438, 0.000501867
0.915724, 0.000500213
0.916009, 0.000498974
0.916294, 0.000498341
0.916579, 0.000498872
0.916865, 0.000500428
0.91715, 0.000501158
0.917435, 0.000499796
0.917721, 0.000495973
0.918006, 0.000491371
0.918291, 0.000488157
0.918576, 0.000487063
0.918862, 0.000488869
0.919147, 0.000494199
0.919432, 0.000498261
0.919717, 0.0005012
0.920003, 0.00050161
0.920288, 0.000499736
0.920573, 0.000498828
0.920859, 0.000498721
0.921144, 0.000500055
0.921429, 0.000501117
0.921714, 0.000500788
0.922, 0.000497955
0.922285, 0.000493372
0.92257, 0.000489356
0.922855, 0.000487327
0.923141, 0.000487707
0.923426, 0.00049152
0.923711, 0.000497181
0.923997, 0.000499402
0.924282, 0.000502217
0.924567, 0.000500307
0.924852, 0.000499176
0.925138, 0.000498642
0.925423, 0.000499394
0.925708, 0.000500926
0.925993, 0.000501436
0.926279, 0.000499723
0.926564, 0.000495652
0.926849, 0.000491129
0.927135, 0.00048818
0.92742, 0.000487377
0.927705, 0.000489628
0.92799, 0.000495343
0.928276, 0.00049877
0.928561, 0.000501861
0.928846, 0.000501513
0.929131, 0.000499815
0.929417, 0.000498973
0.929702, 0.000499027
0.929987, 0.000500474
0.930273, 0.000501605
0.930558, 0.000500977
0.930843, 0.000497833
0.931128, 0.000493177
0.931414, 0.00048938
0.931699, 0.000487619
0.931984, 0.0004884
0.932269, 0.000492663
0.932555, 0.000497977
0.93284, 0.000500205
0.933125, 0.000502551
0.933411, 0.000500524
0.933696, 0.000499466
0.933981, 0.000499031
0.934266, 0.000499965
0.934552, 0.000501459
0.934837, 0.000501732
0.935122, 0.000499684
0.935407, 0.000495421
0.935693, 0.000491021
0.935978, 0.000488356
0.936263, 0.000487865
0.936549, 0.000490573
0.936834, 0.000496468
0.937119, 0.000499384
0.937404, 0.00050254
0.93769, 0.000501526
0.937975, 0.000500052
0.93826, 0.000499312
0.938545, 0.000499551
0.938831, 0.000501071
0.939116, 0.000502034
0.939401, 0.000501114
0.939687, 0.000497666
0.939972, 0.000492992
0.940257, 0.000489433
0.940542, 0.000487936
0.940828, 0.000489134
0.941113, 0.000493842
0.941398, 0.000498682
0.941683, 0.000501081
0.941969, 0.000502762
0.942254, 0.000500723
0.942539, 0.00049972
0.942825, 0.000499397
0.94311, 0.000500512
0.943395, 0.000501944
0.94368, 0.000501948
0.943966, 0.000499577
0.944251, 0.000495145
0.944536, 0.000490892
0.944821, 0.000488502
0.945107, 0.000488361
0.945392, 0.000491535
0.945677, 0.000497442
0.945963, 0.00049997
0.946248, 0.000503056
0.946533, 0.000501547
0.946818, 0.000500275
0.947104, 0.000499615
0.947389, 0.000500057
0.947674, 0.000501601
0.947959, 0.000502379
0.948245, 0.000501133
0.94853, 0.000497411
0.948815, 0.000491833
0.9491, 0.000488463
0.949386, 0.000487268
0.949671, 0.000488914
0.949956, 0.000494084
0.950242, 0.000498367
0.950527, 0.00050124
0.950812, 0.000501928
0.951097, 0.000499992
0.951383, 0.000499068
0.951668, 0.000498903
0.951953, 0.000500201
0.952238, 0.000501533
0.952524, 0.000501302
0.952809, 0.000498603
0.953094, 0.000494055
0.95338, 0.000489991
0.953665, 0.000487872
0.95395, 0.000488122
0.954235, 0.000491775
0.954521, 0.000497541
0.954806, 0.000499832
0.955091, 0.000502765
0.955376, 0.000500938
0.955662, 0.000499764
0.955947, 0.00049919
0.956232, 0.000499856
0.956518, 0.000501397
0.956803, 0.000501631
0.957088, 0.000500035
0.957373, 0.000496063
0.957659, 0.000491513
0.957944, 0.000488476
0.958229, 0.000487572
0.958514, 0.000489665
0.9588, 0.000495264
0.959085, 0.000498909
0.95937, 0.000501944
0.959656, 0.000501857
0.959941, 0.000500089
0.960226, 0.000499237
0.960511, 0.00049923
0.960797, 0.000500644
0.961082, 0.00050182
0.961367, 0.000501313
0.961652, 0.000498281
0.961938, 0.000493663
0.962223, 0.00048979
0.962508, 0.000487937
0.962794, 0.000488577
0.963079, 0.00049268
0.963364, 0.000498126
0.963649, 0.000500339
0.963935, 0.000502875
0.96422, 0.000500869
0.964505, 0.000499783
0.96479, 0.000499308
0.965076, 0.000500182
0.965361, 0.000501692
0.965646, 0.000502056
0.965932, 0.000500128
0.966217, 0.000495933
0.966502, 0.000491498
0.966787, 0.000488742
0.967073, 0.000488133
0.967358, 0.000490676
0.967643, 0.000496531
0.967928, 0.00049961
0.968214, 0.000502773
0.968499, 0.000501967
0.968784, 0.000500406
0.96907, 0.000499613
0.969355, 0.000499773
0.96964, 0.000501265
0.969925, 0.000502291
0.970211, 0.000501473
0.970496, 0.000498138
0.970781, 0.000493475
0.971066, 0.000489842
0.971352, 0.000488265
0.971637, 0.00048932
0.971922, 0.000493874
0.972208, 0.000498883
0.972493, 0.000501226
0.972778, 0.000503129
0.973063, 0.000501083
0.973349, 0.000500073
0.973634, 0.000499718
0.973919, 0.000500779
0.974204, 0.000502231
0.97449, 0.000502334
0.974775, 0.000500077
0.97506, 0.000495705
0.975346, 0.000491404
0.975631, 0.000488917
0.975916, 0.000488656
0.976201, 0.000491666
0.976487, 0.000497579
0.976772, 0.000500222
0.977057, 0.000503352
0.977342, 0.000501971
0.977628, 0.000500641
0.977913, 0.000499942
0.978198, 0.000500313
0.978484, 0.00050185
0.978769, 0.0005027
0.979054, 0.000501571
0.979339, 0.000497938
0.979625, 0.000493299
0.97991, 0.000489907
0.980195, 0.000488602
0.98048, 0.000490085
0.980766, 0.00049508
0.981051, 0.000499551
0.981336, 0.000502343
0.981622, 0.000503291
0.981907, 0.000501294
0.982192, 0.000500326
0.982477, 0.000500089
0.982763, 0.000501308
0.983048, 0.00050267
0.983333, 0.000502501
0.983618, 0.000499911
0.983904, 0.000495414
0.984189, 0.000490679
0.984474, 0.000488444
0.98476, 0.000488561
0.985045, 0.000492053
0.98533, 0.000497872
0.985615, 0.000500226
0.985901, 0.000503213
0.986186, 0.000501473
0.986471, 0.000500281
0.986756, 0.000499686
0.987042, 0.000500282
0.987327, 0.000501834
0.987612, 0.000502491
0.987898, 0.000501026
0.988183, 0.000497142
0.988468, 0.000492573
0.988753, 0.000489446
0.989039, 0.000488446
0.989324, 0.000490385
0.989609, 0.000495834
0.989894, 0.000499683
0.99018, 0.00050269
0.990465, 0.000502848
0.99075, 0.00050102
0.991036, 0.00050013
0.991321, 0.000500074
0.991606, 0.000501447
0.991891, 0.000502457
0.992177, 0.000502046
0.992462, 0.000499124
0.992747, 0.000494522
0.993032, 0.00049059
0.993318, 0.000488646
0.993603, 0.000489149
0.993888, 0.000493092
0.994173, 0.000498652
0.994459, 0.000500828
0.994744, 0.000503538
0.995029, 0.000501587
0.995315, 0.000500474
0.9956, 0.000499962
0.995885, 0.00050076
0.99617, 0.000502279
0.996456, 0.000502731
0.996741, 0.000500906
0.997026, 0.000496787
0.997311, 0.000492312
0.997597, 0.000489475
0.997882, 0.000488761
0.998167, 0.00049115
0.998453, 0.000496928
0.998738, 0.000500172
0.999023, 0.000503285
0.999308, 0.000502709
0.999594, 0.000501087
0.999879, 0.000500289
