x, y
0, 0
0.000285272, 9.94783e-05
0.000570544, 0.000168844
0.000855816, 0.000231005
0.00114109, 0.000286744
0.00142636, 0.000333271
0.00171163, 0.000349395
0.00199691, 0.000343083
0.00228218, 0.000341246
0.00256745, 0.000348284
0.00285272, 0.000353735
0.00313799, 0.000362755
0.00342327, 0.000370127
0.00370854, 0.000376367
0.00399381, 0.000385804
0.00427908, 0.000394742
0.00456435, 0.000410093
0.00484963, 0.000421003
0.0051349, 0.000425099
0.00542017, 0.000427159
0.00570544, 0.000427868
0.00599072, 0.000435916
0.00627599, 0.000446495
0.00656126, 0.000451625
0.00684653, 0.000457813
0.0071318, 0.000458452
0.00741708, 0.000464227
0.00770235, 0.000472194
0.00798762, 0.000480346
0.00827289, 0.000491332
0.00855816, 0.000495873
0.00884344, 0.000494802
0.00912871, 0.000494685
0.00941398, 0.000497395
0.00969925, 0.000504669
0.00998453, 0.000508153
0.0102698, 0.000510922
0.0105551, 0.000517265
0.0108403, 0.000518758
0.0111256, 0.000520611
0.0114109, 0.000521707
0.0116962, 0.000524345
0.0119814, 0.000530454
0.0122667, 0.000535967
0.012552, 0.000542608
0.0128372, 0.000545363
0.0131225, 0.000541993
0.0134078, 0.000537996
0.0136931, 0.000537295
0.0139783, 0.000543036
0.0142636, 0.000550166
0.0145489, 0.000554148
0.0148342, 0.000561027
0.0151194, 0.00056606
0.0154047, 0.000566236
0.01569, 0.000567734
0.0159752, 0.000568266
0.0162605, 0.000573111
0.0165458, 0.000577915
0.0168311, 0.000582192
0.0171163, 0.000586973
0.0174016, 0.000585276
0.0176869, 0.000581772
0.0179721, 0.00058108
0.0182574, 0.000583898
0.0185427, 0.000591088
0.018828, 0.000594806
0.0191132, 0.000599877
0.0193985, 0.000605726
0.0196838, 0.000606527
0.0199691, 0.000608565
0.0202543, 0.000608081
0.0205396, 0.000610359
0.0208249, 0.00061493
0.0211101, 0.000618609
0.0213954, 0.000622811
0.0216807, 0.00062383
0.021966, 0.000619987
0.0222512, 0.000615928
0.0225365, 0.000615836
0.0228218, 0.000620415
0.023107, 0.000623029
0.0233923, 0.000625986
0.0236776, 0.000630831
0.0239629, 0.000630935
0.0242481, 0.000630707
0.0245334, 0.000630955
0.0248187, 0.000630433
0.025104, 0.00063373
0.0253892, 0.000636896
0.0256745, 0.000639111
0.0259598, 0.000641652
0.026245, 0.00063872
0.0265303, 0.000633598
0.0268156, 0.000632108
0.0271009, 0.000635529
0.0273861, 0.000638461
0.0276714, 0.000641045
0.0279567, 0.000646393
0.0282419, 0.00064724
0.0285272, 0.000646794
0.0288125, 0.000647517
0.0290978, 0.000645865
0.029383, 0.000648183
0.0296683, 0.000651518
0.0299536, 0.000653637
0.0302388, 0.000656896
0.0305241, 0.000655964
0.0308094, 0.000651426
0.0310947, 0.000648547
0.0313799, 0.000650789
0.0316652, 0.000654016
0.0319505, 0.000655685
0.0322358, 0.000660326
0.032521, 0.000662591
0.0328063, 0.000661769
0.0330916, 0.000662168
0.0333768, 0.000660865
0.0336621, 0.000661983
0.0339474, 0.000665112
0.0342327, 0.000667422
0.0345179, 0.000670056
0.0348032, 0.000670099
0.0350885, 0.0006659
0.0353737, 0.00066171
0.035659, 0.000662245
0.0359443, 0.000665722
0.0362296, 0.00066733
0.0365148, 0.00067077
0.0368001, 0.000674626
0.0370854, 0.000673739
0.0373707, 0.00067379
0.0376559, 0.000673283
0.0379412, 0.000673746
0.0382265, 0.000676968
0.0385117, 0.000679601
0.038797, 0.000681997
0.0390823, 0.000683058
0.0393676, 0.000679357
0.0396528, 0.00067482
0.0399381, 0.000673921
0.0402234, 0.000677345
0.0405086, 0.000679623
0.0407939, 0.000682032
0.0410792, 0.00068685
0.0413645, 0.000687177
0.0416497, 0.000686795
0.041935, 0.000686973
0.0422203, 0.000686703
0.0425056, 0.000689925
0.0427908, 0.000692894
0.0430761, 0.000695219
0.0433614, 0.000697302
0.0436466, 0.0006941
0.0439319, 0.000689381
0.0442172, 0.000687377
0.0445025, 0.000689803
0.0447877, 0.000692778
0.045073, 0.000694415
0.0453583, 0.000698824
0.0456435, 0.000700307
0.0459288, 0.000699421
0.0462141, 0.000699852
0.0464994, 0.000698874
0.0467846, 0.00070173
0.0470699, 0.000704729
0.0473552, 0.000706792
0.0476405, 0.000709324
0.0479257, 0.0007067
0.048211, 0.000701795
0.0484963, 0.000699071
0.0487815, 0.000700342
0.0490668, 0.000703701
0.0493521, 0.000705059
0.0496374, 0.000708912
0.0499226, 0.00071137
0.0502079, 0.000710223
0.0504932, 0.000710769
0.0507784, 0.000709385
0.0510637, 0.00071154
0.051349, 0.000714491
0.0516343, 0.000716479
0.0519195, 0.000719195
0.0522048, 0.000717614
0.0524901, 0.000712863
0.0527754, 0.00070939
0.0530606, 0.000709734
0.0533459, 0.000713032
0.0536312, 0.000714303
0.0539164, 0.000717514
0.0542017, 0.000720456
0.054487, 0.000719278
0.0547723, 0.000719352
0.0550575, 0.000718283
0.0553428, 0.000719402
0.0556281, 0.000722247
0.0559133, 0.000724291
0.0561986, 0.000726549
0.0564839, 0.000726501
0.0567692, 0.00072216
0.0570544, 0.000717827
0.0573397, 0.00071727
0.057625, 0.000720158
0.0579102, 0.000721362
0.0581955, 0.000723927
0.0584808, 0.000727313
0.0587661, 0.00072619
0.0590513, 0.000725849
0.0593366, 0.000725119
0.0596219, 0.000725145
0.0599072, 0.00072787
0.0601924, 0.000730015
0.0604777, 0.000731798
0.060763, 0.000732663
0.0610482, 0.000728886
0.0613335, 0.000723989
0.0616188, 0.000722734
0.0619041, 0.000725275
0.0621893, 0.000726633
0.0624746, 0.000728719
0.0627599, 0.000732506
0.0630451, 0.000731699
0.0633304, 0.000731058
0.0636157, 0.000730798
0.063901, 0.00072994
0.0641862, 0.000732445
0.0644715, 0.000734741
0.0647568, 0.000736241
0.0650421, 0.000737857
0.0653273, 0.000734666
0.0656126, 0.000729549
0.0658979, 0.00072744
0.0661831, 0.000729618
0.0664684, 0.00073125
0.0667537, 0.000732817
0.067039, 0.000736837
0.0673242, 0.000736675
0.0676095, 0.000735761
0.0678948, 0.000735753
0.06818, 0.000734466
0.0684653, 0.000736794
0.0687506, 0.000739234
0.0690359, 0.000740658
0.0693211, 0.000742658
0.0696064, 0.000739967
0.0698917, 0.000734926
0.070177, 0.000732303
0.0704622, 0.000733914
0.0707475, 0.00073594
0.0710328, 0.000737167
0.071318, 0.000741125
0.0716033, 0.000741794
0.0718886, 0.000740654
0.0721739, 0.000740811
0.0724591, 0.000739313
0.0727444, 0.000741416
0.0730297, 0.000743957
0.0733149, 0.000745422
0.0736002, 0.000747581
0.0738855, 0.000745393
0.0741708, 0.000740485
0.074456, 0.000737303
0.0747413, 0.000738321
0.0750266, 0.000740738
0.0753119, 0.000741758
0.0755971, 0.000745365
0.0758824, 0.000746951
0.0761677, 0.000745666
0.0764529, 0.000745908
0.0767382, 0.000744363
0.0770235, 0.00074617
0.0773088, 0.000748752
0.077594, 0.000750311
0.0778793, 0.000752551
0.0781646, 0.000750823
0.0784498, 0.000746112
0.0787351, 0.000742534
0.0790204, 0.000742859
0.0793057, 0.000745537
0.0795909, 0.000746457
0.0798762, 0.000749663
0.0801615, 0.000751917
0.0804468, 0.00075056
0.080732, 0.00075074
0.0810173, 0.000749325
0.0813026, 0.000750667
0.0815878, 0.000753237
0.0818731, 0.000754886
0.0821584, 0.000757015
0.0824437, 0.000755856
0.0827289, 0.000751275
0.0830142, 0.000747424
0.0832995, 0.000747254
0.0835847, 0.000749864
0.08387, 0.000750787
0.0841553, 0.000753551
0.0844406, 0.000756234
0.0847258, 0.000754936
0.0850111, 0.000754784
0.0852964, 0.000753639
0.0855816, 0.000754512
0.0858669, 0.0007571
0.0861522, 0.000758852
0.0864375, 0.000760783
0.0867227, 0.000760438
0.087008, 0.000756111
0.0872933, 0.000751828
0.0875786, 0.000751171
0.0878638, 0.000753669
0.0881491, 0.000754633
0.0884344, 0.000757028
0.0887196, 0.000760033
0.0890049, 0.000758785
0.0892902, 0.000758448
0.0895755, 0.000757551
0.0898607, 0.000757835
0.090146, 0.000760359
0.0904313, 0.00076221
0.0907165, 0.000763902
0.0910018, 0.000764134
0.0912871, 0.000760138
0.0915724, 0.000755509
0.0918576, 0.000754403
0.0921429, 0.000756744
0.0924282, 0.000757777
0.0927135, 0.00075984
0.0929987, 0.00076313
0.093284, 0.000762036
0.0935693, 0.000761471
0.0938545, 0.000760843
0.0941398, 0.000760573
0.0944251, 0.000763014
0.0947104, 0.000764955
0.0949956, 0.00076645
0.0952809, 0.000767252
0.0955662, 0.000763593
0.0958514, 0.000758713
0.0961367, 0.000757174
0.096422, 0.000759327
0.0967073, 0.000760469
0.0969925, 0.000762234
0.0972778, 0.000765779
0.0975631, 0.000764932
0.0978484, 0.000764188
0.0981336, 0.0007638
0.0984189, 0.000763084
0.0987042, 0.000765453
0.0989894, 0.000767495
0.0992747, 0.000768855
0.09956, 0.000770046
0.0998453, 0.000766665
0.100131, 0.000761708
0.100416, 0.000759534
0.100701, 0.000761468
0.100986, 0.00076278
0.101272, 0.00076428
0.101557, 0.000767975
0.101842, 0.000767476
0.102127, 0.000766575
0.102413, 0.000766373
0.102698, 0.000765376
0.102983, 0.000767667
0.103269, 0.000769791
0.103554, 0.000771089
0.103839, 0.000772582
0.104124, 0.000769469
0.10441, 0.000764485
0.104695, 0.000762175
0.10498, 0.000763863
0.105265, 0.000765397
0.105551, 0.000766675
0.105836, 0.000770405
0.106121, 0.0007703
0.106407, 0.000769264
0.106692, 0.000769176
0.106977, 0.000767971
0.107262, 0.000770181
0.107548, 0.000772379
0.107833, 0.000773645
0.108118, 0.000775221
0.108403, 0.000772348
0.108689, 0.00076733
0.108974, 0.000764725
0.109259, 0.000766151
0.109545, 0.000767869
0.10983, 0.000768949
0.110115, 0.000772634
0.1104, 0.000772935
0.110686, 0.000771768
0.110971, 0.000771783
0.111256, 0.0007704
0.111541, 0.000772449
0.111827, 0.000774705
0.112112, 0.000775943
0.112397, 0.00077782
0.112683, 0.000775218
0.112968, 0.00077025
0.113253, 0.000767326
0.113538, 0.000768454
0.113824, 0.000770344
0.114109, 0.00077133
0.114394, 0.000774912
0.114679, 0.000775603
0.114965, 0.000774332
0.11525, 0.000774374
0.115535, 0.000772869
0.11582, 0.000774728
0.116106, 0.000777014
0.116391, 0.000778249
0.116676, 0.00078021
0.116962, 0.000777984
0.117247, 0.000773091
0.117532, 0.000769903
0.117817, 0.000770724
0.118103, 0.000772713
0.118388, 0.000773561
0.118673, 0.000776951
0.118958, 0.000777981
0.119244, 0.000776626
0.119529, 0.000776706
0.119814, 0.000775169
0.1201, 0.000776851
0.120385, 0.000779157
0.12067, 0.000780407
0.120955, 0.000782347
0.121241, 0.000780352
0.121526, 0.000775558
0.121811, 0.000772153
0.122096, 0.000772693
0.122382, 0.000774757
0.122667, 0.000775499
0.122952, 0.00077879
0.123238, 0.000780089
0.123523, 0.000778693
0.123808, 0.000778764
0.124093, 0.000777192
0.124379, 0.00077864
0.124664, 0.000780948
0.124949, 0.000782233
0.125234, 0.000784198
0.12552, 0.000782505
0.125805, 0.000777772
0.12609, 0.000774142
0.126376, 0.000774407
0.126661, 0.000776538
0.126946, 0.000777246
0.127231, 0.000780367
0.127517, 0.000782027
0.127802, 0.000780587
0.128087, 0.000780601
0.128372, 0.000779035
0.128658, 0.000780269
0.128943, 0.000782572
0.129228, 0.000783889
0.129514, 0.000785761
0.129799, 0.000784362
0.130084, 0.000779817
0.130369, 0.000776024
0.130655, 0.000776106
0.13094, 0.000778233
0.131225, 0.000778912
0.13151, 0.000781849
0.131796, 0.000783721
0.132081, 0.000782288
0.132366, 0.000782163
0.132652, 0.000780785
0.132937, 0.000781848
0.133222, 0.000784173
0.133507, 0.000785557
0.133793, 0.000787414
0.134078, 0.000786229
0.134363, 0.000781698
0.134648, 0.000777793
0.134934, 0.000777313
0.135219, 0.000779474
0.135504, 0.000780165
0.13579, 0.000782932
0.136075, 0.000785084
0.13636, 0.00078368
0.136645, 0.000783459
0.136931, 0.000782201
0.137216, 0.000783076
0.137501, 0.000785416
0.137786, 0.000786844
0.138072, 0.000788612
0.138357, 0.000787721
0.138642, 0.000783353
0.138928, 0.000779335
0.139213, 0.000779024
0.139498, 0.000781188
0.139783, 0.000781887
0.140069, 0.000784523
0.140354, 0.000786824
0.140639, 0.000785452
0.140924, 0.000785187
0.14121, 0.00078398
0.141495, 0.00078473
0.14178, 0.000787084
0.142066, 0.000788585
0.142351, 0.000790302
0.142636, 0.000789468
0.142921, 0.000785173
0.143207, 0.000780959
0.143492, 0.000780438
0.143777, 0.000782636
0.144062, 0.000783355
0.144348, 0.000785834
0.144633, 0.000788322
0.144918, 0.000786974
0.145204, 0.000786637
0.145489, 0.000785522
0.145774, 0.000786085
0.146059, 0.000788428
0.146345, 0.000789962
0.14663, 0.000791587
0.146915, 0.000791134
0.1472, 0.000786968
0.147486, 0.000782675
0.147771, 0.000781977
0.148056, 0.00078413
0.148342, 0.000784863
0.148627, 0.000787211
0.148912, 0.000789845
0.149197, 0.000788513
0.149483, 0.00078815
0.149768, 0.000787125
0.150053, 0.000787525
0.150338, 0.000789879
0.150624, 0.000791446
0.150909, 0.00079302
0.151194, 0.000792914
0.15148, 0.000788761
0.151765, 0.000784325
0.15205, 0.000783451
0.152335, 0.000785604
0.152621, 0.000786359
0.152906, 0.000788571
0.153191, 0.000791346
0.153476, 0.000790046
0.153762, 0.000789634
0.154047, 0.000788681
0.154332, 0.000788909
0.154618, 0.000791242
0.154903, 0.000792865
0.155188, 0.000794379
0.155473, 0.0007944
0.155759, 0.000790367
0.156044, 0.000785845
0.156329, 0.000784821
0.156614, 0.000786941
0.1569, 0.000787724
0.157185, 0.000789832
0.15747, 0.000792717
0.157756, 0.00079145
0.158041, 0.00079097
0.158326, 0.000790068
0.158611, 0.000790143
0.158897, 0.000792445
0.159182, 0.000794098
0.159467, 0.000795552
0.159752, 0.000795667
0.160038, 0.000791744
0.160323, 0.00078717
0.160608, 0.000786044
0.160894, 0.000788097
0.161179, 0.000788903
0.161464, 0.000790933
0.161749, 0.00079389
0.162035, 0.000792651
0.16232, 0.000792152
0.162605, 0.000791354
0.16289, 0.000791301
0.163176, 0.000793602
0.163461, 0.000795276
0.163746, 0.000796701
0.164031, 0.000796992
0.164317, 0.000793118
0.164602, 0.00078845
0.164887, 0.000787197
0.165173, 0.000789241
0.165458, 0.00079009
0.165743, 0.000792077
0.166028, 0.000795096
0.166314, 0.000793894
0.166599, 0.000793368
0.166884, 0.000792643
0.167169, 0.000792485
0.167455, 0.000794764
0.16774, 0.000796449
0.168025, 0.000797836
0.168311, 0.000798255
0.168596, 0.000794484
0.168881, 0.00078974
0.169166, 0.000787847
0.169452, 0.000789856
0.169737, 0.000790744
0.170022, 0.000792604
0.170307, 0.000795724
0.170593, 0.00079462
0.170878, 0.000794038
0.171163, 0.000793376
0.171449, 0.000793128
0.171734, 0.000795389
0.172019, 0.000797116
0.172304, 0.000798475
0.17259, 0.000799
0.172875, 0.000795318
0.17316, 0.00079057
0.173445, 0.000789123
0.173731, 0.000791149
0.174016, 0.000792045
0.174301, 0.000793837
0.174587, 0.000797012
0.174872, 0.000795979
0.175157, 0.000795317
0.175442, 0.000794685
0.175728, 0.000794366
0.176013, 0.000796622
0.176298, 0.000798364
0.176583, 0.00079968
0.176869, 0.000800036
0.177154, 0.000796419
0.177439, 0.000791651
0.177725, 0.000790119
0.17801, 0.000792082
0.178295, 0.000793012
0.17858, 0.000794747
0.178866, 0.000797964
0.179151, 0.000796977
0.179436, 0.000796281
0.179721, 0.000795683
0.180007, 0.000795266
0.180292, 0.000797505
0.180577, 0.000799261
0.180863, 0.000800554
0.181148, 0.000801229
0.181433, 0.000797635
0.181718, 0.000792854
0.182004, 0.000791258
0.182289, 0.000793168
0.182574, 0.000794112
0.182859, 0.000795818
0.183145, 0.000799047
0.18343, 0.000798083
0.183715, 0.000797371
0.184001, 0.000796842
0.184286, 0.000796366
0.184571, 0.0007986
0.184856, 0.00080037
0.185142, 0.000801639
0.185427, 0.000802384
0.185712, 0.000798819
0.185997, 0.000793999
0.186283, 0.000792355
0.186568, 0.000794228
0.186853, 0.000795188
0.187139, 0.00079686
0.187424, 0.000800111
0.187709, 0.000799162
0.187994, 0.00079844
0.18828, 0.000797934
0.188565, 0.000797403
0.18885, 0.00079963
0.189135, 0.000801406
0.189421, 0.000802663
0.189706, 0.000803577
0.189991, 0.000800077
0.190277, 0.000795188
0.190562, 0.000793453
0.190847, 0.000795303
0.191132, 0.000796264
0.191418, 0.0007979
0.191703, 0.000801178
0.191988, 0.000800263
0.192273, 0.000799506
0.192559, 0.000799009
0.192844, 0.000798437
0.193129, 0.000800661
0.193415, 0.000802439
0.1937, 0.000803678
0.193985, 0.000804608
0.19427, 0.000801144
0.194556, 0.000796249
0.194841, 0.000794457
0.195126, 0.000796289
0.195411, 0.000797266
0.195697, 0.000798825
0.195982, 0.000802145
0.196267, 0.000801255
0.196553, 0.000800481
0.196838, 0.000799993
0.197123, 0.000799389
0.197408, 0.000801603
0.197694, 0.000803383
0.197979, 0.000804611
0.198264, 0.000805478
0.198549, 0.000802024
0.198835, 0.000797146
0.19912, 0.000795337
0.199405, 0.000797149
0.199691, 0.000798143
0.199976, 0.000799664
0.200261, 0.000803007
0.200546, 0.000802146
0.200832, 0.000801377
0.201117, 0.000800899
0.201402, 0.000800257
0.201687, 0.000802448
0.201973, 0.000804222
0.202258, 0.000805443
0.202543, 0.000806341
0.202829, 0.000802877
0.203114, 0.000798014
0.203399, 0.000795644
0.203684, 0.000797436
0.20397, 0.000798444
0.204255, 0.000799963
0.20454, 0.000803324
0.204825, 0.000802477
0.205111, 0.000801713
0.205396, 0.000801254
0.205681, 0.000800632
0.205967, 0.000802838
0.206252, 0.000804625
0.206537, 0.000805845
0.206822, 0.000806764
0.207108, 0.000803328
0.207393, 0.000798464
0.207678, 0.000796649
0.207963, 0.00079847
0.208249, 0.00079948
0.208534, 0.000800999
0.208819, 0.000804356
0.209104, 0.000803516
0.20939, 0.000802746
0.209675, 0.000802286
0.20996, 0.000801645
0.210246, 0.000803836
0.210531, 0.000805612
0.210816, 0.000806818
0.211101, 0.000807497
0.211387, 0.000804088
0.211672, 0.000799222
0.211957, 0.000797389
0.212242, 0.000799194
0.212528, 0.000800187
0.212813, 0.000801697
0.213098, 0.000805047
0.213384, 0.000804197
0.213669, 0.000803424
0.213954, 0.000802958
0.214239, 0.000802313
0.214525, 0.000804492
0.21481, 0.000806254
0.215095, 0.000807455
0.21538, 0.000808326
0.215666, 0.000804891
0.215951, 0.000800027
0.216236, 0.000798219
0.216522, 0.000800028
0.216807, 0.000801012
0.217092, 0.000802521
0.217377, 0.000805848
0.217663, 0.000804973
0.217948, 0.000804216
0.218233, 0.000803749
0.218518, 0.000803111
0.218804, 0.000805284
0.219089, 0.000807035
0.219374, 0.00080823
0.21966, 0.000809107
0.219945, 0.000805693
0.22023, 0.000800837
0.220515, 0.000799027
0.220801, 0.000800836
0.221086, 0.000801806
0.221371, 0.000803323
0.221656, 0.000806627
0.221942, 0.000805735
0.222227, 0.000804975
0.222512, 0.000804493
0.222798, 0.000803875
0.223083, 0.000806059
0.223368, 0.000807808
0.223653, 0.000809009
0.223939, 0.000809897
0.224224, 0.000806442
0.224509, 0.000801581
0.224794, 0.000799813
0.22508, 0.000801618
0.225365, 0.00080257
0.22565, 0.000804148
0.225936, 0.000807409
0.226221, 0.000806496
0.226506, 0.000805745
0.226791, 0.000805249
0.227077, 0.000804671
0.227362, 0.000806855
0.227647, 0.000808597
0.227932, 0.000809807
0.228218, 0.000810611
0.228503, 0.000807133
0.228788, 0.000802294
0.229074, 0.000800587
0.229359, 0.000802393
0.229644, 0.000803329
0.229929, 0.000804963
0.230215, 0.000808178
0.2305, 0.000807241
0.230785, 0.000806505
0.23107, 0.000805997
0.231356, 0.000805458
0.231641, 0.000807652
0.231926, 0.000809385
0.232212, 0.000810598
0.232497, 0.000811392
0.232782, 0.00080786
0.233067, 0.000803038
0.233353, 0.000801376
0.233638, 0.00080319
0.233923, 0.000804106
0.234208, 0.000805739
0.234494, 0.000808925
0.234779, 0.000807951
0.235064, 0.000807231
0.23535, 0.000806702
0.235635, 0.000806207
0.23592, 0.000808398
0.236205, 0.000810122
0.236491, 0.00081134
0.236776, 0.00081203
0.237061, 0.000808513
0.237346, 0.000803742
0.237632, 0.00080139
0.237917, 0.000803179
0.238202, 0.000804085
0.238488, 0.000805762
0.238773, 0.000808941
0.239058, 0.000807974
0.239343, 0.000807283
0.239629, 0.000806722
0.239914, 0.000806304
0.240199, 0.000808495
0.240484, 0.000810212
0.24077, 0.000811457
0.241055, 0.000812097
0.24134, 0.000808555
0.241626, 0.000803829
0.241911, 0.000802274
0.242196, 0.000804133
0.242481, 0.000805014
0.242767, 0.000806718
0.243052, 0.000809866
0.243337, 0.000808869
0.243622, 0.000808191
0.243908, 0.000807578
0.244193, 0.000807212
0.244478, 0.000809381
0.244764, 0.000811064
0.245049, 0.000812313
0.245334, 0.000812581
0.245619, 0.000808997
0.245905, 0.000804271
0.24619, 0.000802759
0.246475, 0.000804662
0.24676, 0.000805503
0.247046, 0.000807241
0.247331, 0.000810328
0.247616, 0.000809278
0.247902, 0.000808632
0.248187, 0.000807982
0.248472, 0.000807668
0.248757, 0.000809834
0.249043, 0.000811488
0.249328, 0.00081275
0.249613, 0.000813238
0.249898, 0.000809614
0.250184, 0.000804883
0.250469, 0.000803434
0.250754, 0.000805361
0.25104, 0.000806183
0.251325, 0.000807961
0.25161, 0.000811
0.251895, 0.000809895
0.252181, 0.000809311
0.252466, 0.000808625
0.252751, 0.000808375
0.253036, 0.000810557
0.253322, 0.000812176
0.253607, 0.000813453
0.253892, 0.000813865
0.254177, 0.000810184
0.254463, 0.000805488
0.254748, 0.0008041
0.255033, 0.000806028
0.255319, 0.000806836
0.255604, 0.000808694
0.255889, 0.000811669
0.256174, 0.000810494
0.25646, 0.000809952
0.256745, 0.000809221
0.25703, 0.000809046
0.257315, 0.00081124
0.257601, 0.000812836
0.257886, 0.000814143
0.258171, 0.000814622
0.258457, 0.000810854
0.258742, 0.00080619
0.259027, 0.000804868
0.259312, 0.000806803
0.259598, 0.000807566
0.259883, 0.00080948
0.260168, 0.000812389
0.260453, 0.000811183
0.260739, 0.000810671
0.261024, 0.000809885
0.261309, 0.000809787
0.261595, 0.000811989
0.26188, 0.000813581
0.262165, 0.000814918
0.26245, 0.000815116
0.262736, 0.000811345
0.263021, 0.000806807
0.263306, 0.000805615
0.263591, 0.000807495
0.263877, 0.000808229
0.264162, 0.000810196
0.264447, 0.000813043
0.264733, 0.000811819
0.265018, 0.000811324
0.265303, 0.000810466
0.265588, 0.00081046
0.265874, 0.00081264
0.266159, 0.000814193
0.266444, 0.000815539
0.266729, 0.000815604
0.267015, 0.000811749
0.2673, 0.000807259
0.267585, 0.00080617
0.267871, 0.00080812
0.268156, 0.000808835
0.268441, 0.000810868
0.268726, 0.000813631
0.269012, 0.000812371
0.269297, 0.00081189
0.269582, 0.000810991
0.269867, 0.000811084
0.270153, 0.000813253
0.270438, 0.000814775
0.270723, 0.00081614
0.271009, 0.000816114
0.271294, 0.000812182
0.271579, 0.000807728
0.271864, 0.000806045
0.27215, 0.000807985
0.272435, 0.000808682
0.27272, 0.000810788
0.273005, 0.000813491
0.273291, 0.000812222
0.273576, 0.00081181
0.273861, 0.000810874
0.274147, 0.000811055
0.274432, 0.000813261
0.274717, 0.000814755
0.275002, 0.000816175
0.275288, 0.000816159
0.275573, 0.000812161
0.275858, 0.000807766
0.276143, 0.00080687
0.276429, 0.000808853
0.276714, 0.000809527
0.276999, 0.000811736
0.277285, 0.000814311
0.27757, 0.000812998
0.277855, 0.000812604
0.27814, 0.000811614
0.278426, 0.00081192
0.278711, 0.00081416
0.278996, 0.000815609
0.279281, 0.000817055
0.279567, 0.000816483
0.279852, 0.000812468
0.280137, 0.00080819
0.280423, 0.000807396
0.280708, 0.000809333
0.280993, 0.000809973
0.281278, 0.000812236
0.281564, 0.000814717
0.281849, 0.000813388
0.282134, 0.000813009
0.282419, 0.000811923
0.282705, 0.000812341
0.28299, 0.000814537
0.283275, 0.000815934
0.283561, 0.000817401
0.283846, 0.000816956
0.284131, 0.000812867
0.284416, 0.000808649
0.284702, 0.000807981
0.284987, 0.000809964
0.285272, 0.000810587
0.285557, 0.000812941
0.285843, 0.000815298
0.286128, 0.000813972
0.286413, 0.000813597
0.286699, 0.00081247
0.286984, 0.000813004
0.287269, 0.000815176
0.287554, 0.000816533
0.28784, 0.00081804
0.288125, 0.000817475
0.28841, 0.0008133
0.288695, 0.000809132
0.288981, 0.000808552
0.289266, 0.000810526
0.289551, 0.000811131
0.289837, 0.000813563
0.290122, 0.0008158
0.290407, 0.000814446
0.290692, 0.000814129
0.290978, 0.00081293
0.291263, 0.000813573
0.291548, 0.000815771
0.291833, 0.000817085
0.292119, 0.000818651
0.292404, 0.000817896
0.292689, 0.000813644
0.292975, 0.00080961
0.29326, 0.000809187
0.293545, 0.000811119
0.29383, 0.000811707
0.294116, 0.000814227
0.294401, 0.000816327
0.294686, 0.000814949
0.294971, 0.000814674
0.295257, 0.000813475
0.295542, 0.000814194
0.295827, 0.00081637
0.296113, 0.000817633
0.296398, 0.000819216
0.296683, 0.000818279
0.296968, 0.000813984
0.297254, 0.000810064
0.297539, 0.000809744
0.297824, 0.000811665
0.298109, 0.000812246
0.298395, 0.000814854
0.29868, 0.000816838
0.298965, 0.000815468
0.299251, 0.000815199
0.299536, 0.00081394
0.299821, 0.000814767
0.300106, 0.000816924
0.300392, 0.000818144
0.300677, 0.00081979
0.300962, 0.000818688
0.301247, 0.000814298
0.301533, 0.000810445
0.301818, 0.000810227
0.302103, 0.000812167
0.302388, 0.000812743
0.302674, 0.000815437
0.302959, 0.000817278
0.303244, 0.000815885
0.30353, 0.000815703
0.303815, 0.000814362
0.3041, 0.000815309
0.304385, 0.000817462
0.304671, 0.00081865
0.304956, 0.000820316
0.305241, 0.000819092
0.305526, 0.000814679
0.305812, 0.000810913
0.306097, 0.000809985
0.306382, 0.000811818
0.306668, 0.000812407
0.306953, 0.000815219
0.307238, 0.000816919
0.307523, 0.000815533
0.307809, 0.000815508
0.308094, 0.000814052
0.308379, 0.00081512
0.308664, 0.000817284
0.30895, 0.000818447
0.309235, 0.000820136
0.30952, 0.000818737
0.309806, 0.000814311
0.310091, 0.000810661
0.310376, 0.000810726
0.310661, 0.000812629
0.310947, 0.000813231
0.311232, 0.000816169
0.311517, 0.000817682
0.311802, 0.000816308
0.312088, 0.000816275
0.312373, 0.000814782
0.312658, 0.000815959
0.312944, 0.000818082
0.313229, 0.000819195
0.313514, 0.000820588
0.313799, 0.00081902
0.314085, 0.000814466
0.31437, 0.000810898
0.314655, 0.000811072
0.31494, 0.00081293
0.315226, 0.000813539
0.315511, 0.000816575
0.315796, 0.000817856
0.316082, 0.000816494
0.316367, 0.000816491
0.316652, 0.000814966
0.316937, 0.000816263
0.317223, 0.000818387
0.317508, 0.00081946
0.317793, 0.000821192
0.318078, 0.000819465
0.318364, 0.000814896
0.318649, 0.000811458
0.318934, 0.000811781
0.31922, 0.000813556
0.319505, 0.000814191
0.31979, 0.000817318
0.320075, 0.000818422
0.320361, 0.000817068
0.320646, 0.000817082
0.320931, 0.000815531
0.321216, 0.000816907
0.321502, 0.000818999
0.321787, 0.000820038
0.322072, 0.000821785
0.322358, 0.000819872
0.322643, 0.000815228
0.322928, 0.000811901
0.323213, 0.000812402
0.323499, 0.000814103
0.323784, 0.000814814
0.324069, 0.000817984
0.324354, 0.000818868
0.32464, 0.000817561
0.324925, 0.000817566
0.32521, 0.000816049
0.325496, 0.000817519
0.325781, 0.000819591
0.326066, 0.000820592
0.326351, 0.000822322
0.326637, 0.000820263
0.326922, 0.000815543
0.327207, 0.000812351
0.327492, 0.000812993
0.327778, 0.000814617
0.328063, 0.000815361
0.328348, 0.00081865
0.328634, 0.000819295
0.328919, 0.000818001
0.329204, 0.000818005
0.329489, 0.000816508
0.329775, 0.000818058
0.33006, 0.000820126
0.330345, 0.000821115
0.33063, 0.000822788
0.330916, 0.000820591
0.331201, 0.000815867
0.331486, 0.000812824
0.331772, 0.000813602
0.332057, 0.000815145
0.332342, 0.000815951
0.332627, 0.00081926
0.332913, 0.000819738
0.333198, 0.000818505
0.333483, 0.000818434
0.333768, 0.000817001
0.334054, 0.00081862
0.334339, 0.000820652
0.334624, 0.000821619
0.33491, 0.000823267
0.335195, 0.000820921
0.33548, 0.00081611
0.335765, 0.000813191
0.336051, 0.00081411
0.336336, 0.000815575
0.336621, 0.000816451
0.336906, 0.000819831
0.337192, 0.000820084
0.337477, 0.000818892
0.337762, 0.000818811
0.338048, 0.000817438
0.338333, 0.000819194
0.338618, 0.000821191
0.338903, 0.000822154
0.339189, 0.00082373
0.339474, 0.000821199
0.339759, 0.000816409
0.340044, 0.000813676
0.34033, 0.000813984
0.340615, 0.000815337
0.3409, 0.000816275
0.341186, 0.000819683
0.341471, 0.000819773
0.341756, 0.000818654
0.342041, 0.000818535
0.342327, 0.000817241
0.342612, 0.000819057
0.342897, 0.000821031
0.343182, 0.000822016
0.343468, 0.000823541
0.343753, 0.000820889
0.344038, 0.000816036
0.344324, 0.000813442
0.344609, 0.000814663
0.344894, 0.000815977
0.345179, 0.000817013
0.345465, 0.000820396
0.34575, 0.000820281
0.346035, 0.000819238
0.34632, 0.000819072
0.346606, 0.000817895
0.346891, 0.000819785
0.347176, 0.000821701
0.347461, 0.000822691
0.347747, 0.000823809
0.348032, 0.000820997
0.348317, 0.000816157
0.348603, 0.000813719
0.348888, 0.000815041
0.349173, 0.000816249
0.349458, 0.000817355
0.349744, 0.000820761
0.350029, 0.000820459
0.350314, 0.000819472
0.350599, 0.000819243
0.350885, 0.00081815
0.35117, 0.000820079
0.351455, 0.000821941
0.351741, 0.000822961
0.352026, 0.000824248
0.352311, 0.000821259
0.352596, 0.000816437
0.352882, 0.000814162
0.353167, 0.000815625
0.353452, 0.000816742
0.353737, 0.000817969
0.354023, 0.000821313
0.354308, 0.000820823
0.354593, 0.000819915
0.354879, 0.000819629
0.355164, 0.000818693
0.355449, 0.000820683
0.355734, 0.00082248
0.35602, 0.000823522
0.356305, 0.00082466
0.35659, 0.000821532
0.356875, 0.000816694
0.357161, 0.000814621
0.357446, 0.000816171
0.357731, 0.00081719
0.358017, 0.000818503
0.358302, 0.000821833
0.358587, 0.000821172
0.358872, 0.000820314
0.359158, 0.000819958
0.359443, 0.000819135
0.359728, 0.000821168
0.360013, 0.000822927
0.360299, 0.000824012
0.360584, 0.000824971
0.360869, 0.000821704
0.361155, 0.000816926
0.36144, 0.00081503
0.361725, 0.000816701
0.36201, 0.000817643
0.362296, 0.000819083
0.362581, 0.000822364
0.362866, 0.000821536
0.363151, 0.000820775
0.363437, 0.000820308
0.363722, 0.00081967
0.364007, 0.000821753
0.364293, 0.000823437
0.364578, 0.000824565
0.364863, 0.000825448
0.365148, 0.000822058
0.365434, 0.00081726
0.365719, 0.000815543
0.366004, 0.000817259
0.366289, 0.00081811
0.366575, 0.000819714
0.36686, 0.000822836
0.367145, 0.000821894
0.367431, 0.000821194
0.367716, 0.000820604
0.368001, 0.000820158
0.368286, 0.000822263
0.368572, 0.000823901
0.368857, 0.000825089
0.369142, 0.000825626
0.369427, 0.000822086
0.369713, 0.000817423
0.369998, 0.000815925
0.370283, 0.000817761
0.370569, 0.000818554
0.370854, 0.000820298
0.371139, 0.000823299
0.371424, 0.000822199
0.37171, 0.000821632
0.371995, 0.00082094
0.37228, 0.000820703
0.372565, 0.000822827
0.372851, 0.000824381
0.373136, 0.000825624
0.373421, 0.000826026
0.373707, 0.000822355
0.373992, 0.000817738
0.374277, 0.000815479
0.374562, 0.000817292
0.374848, 0.000818029
0.375133, 0.000819938
0.375418, 0.000822782
0.375703, 0.00082159
0.375989, 0.00082111
0.376274, 0.000820306
0.376559, 0.000820285
0.376845, 0.000822439
0.37713, 0.000823982
0.377415, 0.000825299
0.3777, 0.000825395
0.377986, 0.000821582
0.378271, 0.00081715
0.378556, 0.000816087
0.378841, 0.000817997
0.379127, 0.000818691
0.379412, 0.000820761
0.379697, 0.000823452
0.379983, 0.00082221
0.380268, 0.000821794
0.380553, 0.000820867
0.380838, 0.000821045
0.381124, 0.0008232
0.381409, 0.000824647
0.381694, 0.000826023
0.381979, 0.000825489
0.382265, 0.000821519
0.38255, 0.000817209
0.382835, 0.000816377
0.383121, 0.000818277
0.383406, 0.000818903
0.383691, 0.000821117
0.383976, 0.000823588
0.384262, 0.000822264
0.384547, 0.000821886
0.384832, 0.000820837
0.385117, 0.000821213
0.385403, 0.000823364
0.385688, 0.00082474
0.385973, 0.000826179
0.386259, 0.000825757
0.386544, 0.000821735
0.386829, 0.000817541
0.387114, 0.000816874
0.3874, 0.000818795
0.387685, 0.000819392
0.38797, 0.000821743
0.388255, 0.00082402
0.388541, 0.000822704
0.388826, 0.000822379
0.389111, 0.000821217
0.389397, 0.000821802
0.389682, 0.000823947
0.389967, 0.00082523
0.390252, 0.000826743
0.390538, 0.000826019
0.390823, 0.000821829
0.391108, 0.000817819
0.391393, 0.00081739
0.391679, 0.000819261
0.391964, 0.000819827
0.392249, 0.00082234
0.392534, 0.000824404
0.39282, 0.000823042
0.393105, 0.000822765
0.39339, 0.000821542
0.393676, 0.000822279
0.393961, 0.000824411
0.394246, 0.000825634
0.394531, 0.00082724
0.394817, 0.000826228
0.395102, 0.000821912
0.395387, 0.000818064
0.395672, 0.000817805
0.395958, 0.000819695
0.396243, 0.000820257
0.396528, 0.00082291
0.396814, 0.000824742
0.397099, 0.000823373
0.397384, 0.000823193
0.397669, 0.00082185
0.397955, 0.000822785
0.39824, 0.000824904
0.398525, 0.00082605
0.39881, 0.000827683
0.399096, 0.000826431
0.399381, 0.000822072
0.399666, 0.000818358
0.399952, 0.000818316
0.400237, 0.000820137
0.400522, 0.000820705
0.400807, 0.000823539
0.401093, 0.000825122
0.401378, 0.000823731
0.401663, 0.00082369
0.401948, 0.000822177
0.402234, 0.000823271
0.402519, 0.000825365
0.402804, 0.000826462
0.40309, 0.000828156
0.403375, 0.000826665
0.40366, 0.000822167
0.403945, 0.000818593
0.404231, 0.000818728
0.404516, 0.00082054
0.404801, 0.00082112
0.405086, 0.000824115
0.405372, 0.000825388
0.405657, 0.000824043
0.405942, 0.000824038
0.406228, 0.000822527
0.406513, 0.000823802
0.406798, 0.000825892
0.407083, 0.000826927
0.407369, 0.00082862
0.407654, 0.000826868
0.407939, 0.000822342
0.408224, 0.000818951
0.40851, 0.000818555
0.408795, 0.00082022
0.40908, 0.000820896
0.409366, 0.000824029
0.409651, 0.000825031
0.409936, 0.000823731
0.410221, 0.000823722
0.410507, 0.000822216
0.410792, 0.000823626
0.411077, 0.000825687
0.411362, 0.000826696
0.411648, 0.000828434
0.411933, 0.000826505
0.412218, 0.000821844
0.412504, 0.000818628
0.412789, 0.000819233
0.413074, 0.000820857
0.413359, 0.000821586
0.413645, 0.000824835
0.41393, 0.000825509
0.414215, 0.000824237
0.4145, 0.000824245
0.414786, 0.000822779
0.415071, 0.000824325
0.415356, 0.000826373
0.415642, 0.000827345
0.415927, 0.000828672
0.416212, 0.000826465
0.416497, 0.00082175
0.416783, 0.000818756
0.417068, 0.000819566
0.417353, 0.000821066
0.417638, 0.000821899
0.417924, 0.000825204
0.418209, 0.000825607
0.418494, 0.00082441
0.41878, 0.000824337
0.419065, 0.000822941
0.41935, 0.000824611
0.419635, 0.000826603
0.419921, 0.000827544
0.420206, 0.000829158
0.420491, 0.00082674
0.420776, 0.000821949
0.421062, 0.00081916
0.421347, 0.000820137
0.421632, 0.000821521
0.421918, 0.000822416
0.422203, 0.000825783
0.422488, 0.000825896
0.422773, 0.000824773
0.423059, 0.000824658
0.423344, 0.000823333
0.423629, 0.000825079
0.423914, 0.000827016
0.4242, 0.000827969
0.424485, 0.00082948
0.42477, 0.000826874
0.425056, 0.000822046
0.425341, 0.000819428
0.425626, 0.000820615
0.425911, 0.000821894
0.426197, 0.000822906
0.426482, 0.00082626
0.426767, 0.000826125
0.427052, 0.000825083
0.427338, 0.0008249
0.427623, 0.000823728
0.427908, 0.000825596
0.428194, 0.000827479
0.428479, 0.00082844
0.428764, 0.000829791
0.429049, 0.000826956
0.429335, 0.000822179
0.42962, 0.000819793
0.429905, 0.000821122
0.43019, 0.000822261
0.430476, 0.000823404
0.430761, 0.00082676
0.431046, 0.00082639
0.431332, 0.000825439
0.431617, 0.00082517
0.431902, 0.000824145
0.432187, 0.000826063
0.432473, 0.000827869
0.432758, 0.00082888
0.433043, 0.000830092
0.433328, 0.000827074
0.433614, 0.000822259
0.433899, 0.000820093
0.434184, 0.000821585
0.43447, 0.000822626
0.434755, 0.000823898
0.43504, 0.000827215
0.435325, 0.000826603
0.435611, 0.000825722
0.435896, 0.000825394
0.436181, 0.000824558
0.436466, 0.000826564
0.436752, 0.000828317
0.437037, 0.00082937
0.437322, 0.000830325
0.437608, 0.00082709
0.437893, 0.000822339
0.438178, 0.000820429
0.438463, 0.00082206
0.438749, 0.000822996
0.439034, 0.000824427
0.439319, 0.00082769
0.439604, 0.000826853
0.43989, 0.000826104
0.440175, 0.000825636
0.44046, 0.000825013
0.440745, 0.000827071
0.441031, 0.000828732
0.441316, 0.000829849
0.441601, 0.000830593
0.441887, 0.000827187
0.442172, 0.000822476
0.442457, 0.000819784
0.442742, 0.00082143
0.443028, 0.000822274
0.443313, 0.000823918
0.443598, 0.000827015
0.443883, 0.000826044
0.444169, 0.000825399
0.444454, 0.000824777
0.444739, 0.000824427
0.445025, 0.000826527
0.44531, 0.000828144
0.445595, 0.000829359
0.44588, 0.000829882
0.446166, 0.00082633
0.446451, 0.000821689
0.446736, 0.000820282
0.447021, 0.000822123
0.447307, 0.000822898
0.447592, 0.000824733
0.447877, 0.000827636
0.448163, 0.000826481
0.448448, 0.000825986
0.448733, 0.000825248
0.449018, 0.000825127
0.449304, 0.000827262
0.449589, 0.000828797
0.449874, 0.00083008
0.450159, 0.000829837
0.450445, 0.000826124
0.45073, 0.00082168
0.451015, 0.000820541
0.451301, 0.000822385
0.451586, 0.000823069
0.451871, 0.00082509
0.452156, 0.000827805
0.452442, 0.000826573
0.452727, 0.000826112
0.453012, 0.000825205
0.453297, 0.000825335
0.453583, 0.000827463
0.453868, 0.000828907
0.454153, 0.00083026
0.454439, 0.000830119
0.454724, 0.000826206
0.455009, 0.000821903
0.455294, 0.000821049
0.45558, 0.000822937
0.455865, 0.00082356
0.45615, 0.000825749
0.456435, 0.0008282
0.456721, 0.000826888
0.457006, 0.000826508
0.457291, 0.000825444
0.457577, 0.000825837
0.457862, 0.000827962
0.458147, 0.000829313
0.458432, 0.000830746
0.458718, 0.000830278
0.459003, 0.000826229
0.459288, 0.000822076
0.459573, 0.00082145
0.459859, 0.000823356
0.460144, 0.000823937
0.460429, 0.000826298
0.460715, 0.000828502
0.461, 0.000827182
0.461285, 0.000826873
0.46157, 0.000825683
0.461856, 0.000826327
0.462141, 0.00082846
0.462426, 0.000829709
0.462711, 0.000831226
0.462997, 0.000830409
0.463282, 0.00082621
0.463567, 0.000822303
0.463853, 0.000821933
0.464138, 0.00082378
0.464423, 0.000824342
0.464708, 0.00082691
0.464994, 0.000828869
0.465279, 0.000827526
0.465564, 0.000827261
0.465849, 0.000826004
0.466135, 0.000826826
0.46642, 0.00082893
0.466705, 0.000830093
0.466991, 0.000831713
0.467276, 0.000830646
0.467561, 0.000826303
0.467846, 0.000822516
0.468132, 0.000822373
0.468417, 0.000824214
0.468702, 0.000824771
0.468987, 0.000827512
0.469273, 0.000829178
0.469558, 0.000827791
0.469843, 0.000827739
0.470129, 0.000826271
0.470414, 0.000827314
0.470699, 0.000829417
0.470984, 0.000830515
0.47127, 0.000832167
0.471555, 0.000830722
0.47184, 0.000826293
0.472125, 0.000822695
0.472411, 0.000822769
0.472696, 0.000824577
0.472981, 0.000825153
0.473267, 0.000828089
0.473552, 0.000829422
0.473837, 0.00082809
0.474122, 0.000828073
0.474408, 0.000826553
0.474693, 0.000827797
0.474978, 0.000829864
0.475263, 0.000830888
0.475549, 0.000832569
0.475834, 0.000830847
0.476119, 0.000826356
0.476405, 0.000822968
0.47669, 0.000822537
0.476975, 0.000824189
0.47726, 0.000824842
0.477546, 0.000827973
0.477831, 0.000828968
0.478116, 0.000827682
0.478401, 0.000827671
0.478687, 0.00082617
0.478972, 0.000827573
0.479257, 0.00082962
0.479543, 0.000830612
0.479828, 0.000832328
0.480113, 0.000830393
0.480398, 0.000825733
0.480684, 0.000822559
0.480969, 0.000823187
0.481254, 0.000824782
0.481539, 0.000825519
0.481825, 0.000828772
0.48211, 0.000829398
0.482395, 0.000828163
0.482681, 0.000828137
0.482966, 0.00082668
0.483251, 0.000828227
0.483536, 0.000830253
0.483822, 0.000831204
0.484107, 0.000832499
0.484392, 0.000830249
0.484677, 0.000825518
0.484963, 0.000822585
0.485248, 0.000823435
0.485533, 0.00082488
0.485818, 0.000825726
0.486104, 0.000829038
0.486389, 0.000829321
0.486674, 0.00082817
0.48696, 0.000828097
0.487245, 0.000826742
0.48753, 0.000828434
0.487815, 0.00083039
0.488101, 0.000831312
0.488386, 0.000832854
0.488671, 0.000830361
0.488956, 0.000825633
0.489242, 0.000822934
0.489527, 0.000823985
0.489812, 0.000825298
0.490098, 0.000826282
0.490383, 0.000829627
0.490668, 0.000829624
0.490953, 0.000828547
0.491239, 0.000828368
0.491524, 0.00082714
0.491809, 0.000828943
0.492094, 0.00083083
0.49238, 0.000831773
0.492665, 0.0008332
0.49295, 0.000830523
0.493236, 0.000825717
0.493521, 0.000823231
0.493806, 0.000824497
0.494091, 0.000825681
0.494377, 0.000826747
0.494662, 0.000830104
0.494947, 0.000829808
0.495232, 0.000828818
0.495518, 0.000828577
0.495803, 0.000827507
0.496088, 0.000829405
0.496374, 0.000831225
0.496659, 0.000832207
0.496944, 0.000833448
0.497229, 0.000830491
0.497515, 0.000825678
0.4978, 0.000823451
0.498085, 0.000824905
0.49837, 0.00082596
0.498656, 0.000827212
0.498941, 0.000830534
0.499226, 0.000829959
0.499512, 0.000829078
0.499797, 0.000828754
0.500082, 0.000827879
0.500367, 0.00082986
0.500653, 0.000831611
0.500938, 0.000832636
0.501223, 0.000833612
0.501508, 0.000830434
0.501794, 0.000825708
0.502079, 0.000823779
0.502364, 0.000825388
0.50265, 0.000826315
0.502935, 0.000827727
0.50322, 0.00083098
0.503505, 0.000830157
0.503791, 0.000829403
0.504076, 0.000828931
0.504361, 0.000828304
0.504646, 0.000830348
0.504932, 0.000832
0.505217, 0.000833104
0.505502, 0.000833834
0.505788, 0.00083046
0.506073, 0.000825768
0.506358, 0.000824135
0.506643, 0.000825847
0.506929, 0.000826658
0.507214, 0.000828281
0.507499, 0.000831331
0.507784, 0.00083034
0.50807, 0.000829698
0.508355, 0.000829045
0.50864, 0.000828708
0.508926, 0.000830771
0.509211, 0.000832344
0.509496, 0.000833541
0.509781, 0.000834003
0.510067, 0.000830417
0.510352, 0.00082581
0.510637, 0.000823363
0.510922, 0.000825104
0.511208, 0.000825856
0.511493, 0.000827739
0.511778, 0.00083058
0.512064, 0.000829398
0.512349, 0.000828918
0.512634, 0.000828137
0.512919, 0.000828078
0.513205, 0.000830197
0.51349, 0.000831721
0.513775, 0.000833013
0.51406, 0.000833105
0.514346, 0.000829371
0.514631, 0.000824966
0.514916, 0.000823933
0.515202, 0.000825803
0.515487, 0.000826469
0.515772, 0.000828537
0.516057, 0.000831187
0.516343, 0.00082994
0.516628, 0.000829547
0.516913, 0.000828591
0.517198, 0.000828816
0.517484, 0.000830949
0.517769, 0.000832337
0.518054, 0.000833715
0.51834, 0.000832981
0.518625, 0.000829091
0.51891, 0.000824893
0.519195, 0.000824124
0.519481, 0.000825979
0.519766, 0.000826578
0.520051, 0.000828863
0.520336, 0.000831231
0.520622, 0.000829942
0.520907, 0.000829575
0.521192, 0.000828456
0.521478, 0.000828977
0.521763, 0.000831091
0.522048, 0.000832384
0.522333, 0.000833866
0.522619, 0.000833353
0.522904, 0.000829221
0.523189, 0.000825151
0.523474, 0.000824645
0.52376, 0.000826514
0.524045, 0.000827073
0.52433, 0.000829541
0.524616, 0.000831624
0.524901, 0.000830277
0.525186, 0.000829987
0.525471, 0.000828748
0.525757, 0.000829488
0.526042, 0.000831589
0.526327, 0.000832786
0.526612, 0.000834376
0.526898, 0.000833337
0.527183, 0.000829062
0.527468, 0.000825255
0.527754, 0.000825023
0.528039, 0.000826872
0.528324, 0.000827434
0.528609, 0.000830148
0.528895, 0.000831888
0.52918, 0.000830508
0.529465, 0.000830373
0.52975, 0.000828996
0.530036, 0.000829966
0.530321, 0.000832057
0.530606, 0.000833165
0.530891, 0.000834782
0.531177, 0.000833437
0.531462, 0.000829064
0.531747, 0.000825443
0.532033, 0.000825467
0.532318, 0.000827276
0.532603, 0.000827849
0.532888, 0.000830752
0.533174, 0.000832136
0.533459, 0.000830802
0.533744, 0.000830773
0.534029, 0.000829256
0.534315, 0.000830453
0.5346, 0.000832512
0.534885, 0.00083354
0.535171, 0.000835213
0.535456, 0.000833536
0.535741, 0.000829037
0.536026, 0.000825651
0.536312, 0.000825951
0.536597, 0.000827627
0.536882, 0.000828252
0.537167, 0.000831352
0.537453, 0.000832349
0.537738, 0.000831052
0.538023, 0.000831024
0.538309, 0.000829511
0.538594, 0.000830881
0.538879, 0.000832895
0.539164, 0.00083387
0.53945, 0.00083556
0.539735, 0.000833636
0.54002, 0.000828988
0.540305, 0.000825803
0.540591, 0.000826407
0.540876, 0.000827963
0.541161, 0.000828683
0.541447, 0.00083191
0.541732, 0.000832513
0.542017, 0.000831268
0.542302, 0.000831221
0.542588, 0.000829756
0.542873, 0.000831295
0.543158, 0.000833303
0.543443, 0.000834234
0.543729, 0.00083585
0.544014, 0.000833593
0.544299, 0.000828851
0.544585, 0.000825942
0.54487, 0.00082605
0.545155, 0.000827435
0.54544, 0.000828292
0.545726, 0.000831639
0.546011, 0.000831874
0.546296, 0.000830733
0.546581, 0.000830662
0.546867, 0.000829335
0.547152, 0.000831043
0.547437, 0.000833002
0.547723, 0.000833931
0.548008, 0.000835445
0.548293, 0.000832918
0.548578, 0.000828194
0.548864, 0.000825545
0.549149, 0.000826686
0.549434, 0.00082798
0.549719, 0.000828992
0.550005, 0.000832341
0.55029, 0.000832253
0.550575, 0.000831221
0.550861, 0.000831053
0.551146, 0.00082988
0.551431, 0.000831701
0.551716, 0.000833568
0.552002, 0.00083452
0.552287, 0.000835522
0.552572, 0.000832742
0.552857, 0.000828014
0.553143, 0.000825631
0.553428, 0.000826938
0.553713, 0.000828072
0.553999, 0.000829213
0.554284, 0.000832552
0.554569, 0.000832173
0.554854, 0.000831242
0.55514, 0.000830963
0.555425, 0.000829979
0.55571, 0.000831888
0.555995, 0.000833665
0.556281, 0.000834663
0.556566, 0.000835817
0.556851, 0.000832764
0.557137, 0.000827995
0.557422, 0.000825928
0.557707, 0.000827439
0.557992, 0.000828428
0.558278, 0.000829728
0.558563, 0.000833017
0.558848, 0.000832339
0.559133, 0.000831506
0.559419, 0.000831129
0.559704, 0.000830345
0.559989, 0.000832327
0.560275, 0.000834024
0.56056, 0.000835083
0.560845, 0.000835966
0.56113, 0.000832716
0.561416, 0.000827961
0.561701, 0.00082617
0.561986, 0.000827845
0.562271, 0.000828703
0.562557, 0.000830258
0.562842, 0.000833365
0.563127, 0.00083244
0.563413, 0.000831739
0.563698, 0.000831192
0.563983, 0.000830717
0.564268, 0.000832771
0.564554, 0.00083438
0.564839, 0.000835512
0.565124, 0.000836087
0.565409, 0.000832603
0.565695, 0.000827969
0.56598, 0.000826478
0.566265, 0.000828272
0.566551, 0.000829033
0.566836, 0.000830776
0.567121, 0.000833709
0.567406, 0.000832586
0.567692, 0.00083206
0.567977, 0.000831324
0.568262, 0.000831133
0.568547, 0.000833215
0.568833, 0.000834719
0.569118, 0.000835952
0.569403, 0.000836157
0.569689, 0.000832468
0.569974, 0.000828043
0.570259, 0.000826898
0.570544, 0.000828714
0.57083, 0.000829374
0.571115, 0.000831373
0.5714, 0.000834051
0.571685, 0.000832822
0.571971, 0.000832365
0.572256, 0.000831444
0.572541, 0.000831577
0.572827, 0.000833672
0.573112, 0.000835079
0.573397, 0.000836409
0.573682, 0.000836209
0.573968, 0.000832313
0.574253, 0.000828082
0.574538, 0.000827274
0.574823, 0.000829113
0.575109, 0.000829709
0.575394, 0.000831918
0.575679, 0.000834318
0.575965, 0.000833028
0.57625, 0.000832651
0.576535, 0.000831541
0.57682, 0.000831991
0.577106, 0.000834083
0.577391, 0.00083539
0.577676, 0.000836838
0.577961, 0.000836304
0.578247, 0.000832215
0.578532, 0.000828131
0.578817, 0.000826452
0.579102, 0.000828254
0.579388, 0.000828829
0.579673, 0.000831289
0.579958, 0.000833384
0.580244, 0.000832049
0.580529, 0.000831775
0.580814, 0.000830573
0.581099, 0.000831311
0.581385, 0.000833433
0.58167, 0.000834648
0.581955, 0.00083623
0.58224, 0.000835234
0.582526, 0.000831009
0.582811, 0.000827206
0.583096, 0.000826977
0.583382, 0.000828836
0.583667, 0.000829411
0.583952, 0.000832096
0.584237, 0.000833884
0.584523, 0.000832539
0.584808, 0.000832415
0.585093, 0.000831067
0.585378, 0.000832039
0.585664, 0.00083413
0.585949, 0.000835241
0.586234, 0.000836393
0.58652, 0.00083505
0.586805, 0.0008307
0.58709, 0.000827097
0.587375, 0.000827122
0.587661, 0.000828909
0.587946, 0.000829482
0.588231, 0.000832391
0.588516, 0.00083376
0.588802, 0.000832452
0.589087, 0.000832446
0.589372, 0.000830937
0.589658, 0.000832161
0.589943, 0.000834215
0.590228, 0.000835234
0.590513, 0.000836905
0.590799, 0.000835212
0.591084, 0.000830766
0.591369, 0.000827394
0.591654, 0.000827725
0.59194, 0.000829394
0.592225, 0.000830056
0.59251, 0.000833152
0.592796, 0.000834106
0.593081, 0.000832826
0.593366, 0.0008328
0.593651, 0.000831299
0.593937, 0.000832702
0.594222, 0.000834729
0.594507, 0.000835696
0.594792, 0.000837352
0.595078, 0.000835326
0.595363, 0.000830704
0.595648, 0.000827609
0.595934, 0.000828238
0.596219, 0.000829747
0.596504, 0.000830477
0.596789, 0.000833733
0.597075, 0.000834261
0.59736, 0.000833063
0.597645, 0.000833011
0.59793, 0.000831573
0.598216, 0.00083313
0.598501, 0.000835114
0.598786, 0.000836049
0.599072, 0.000837665
0.599357, 0.000835369
0.599642, 0.000830632
0.599927, 0.000827797
0.600213, 0.000828716
0.600498, 0.000830097
0.600783, 0.000830963
0.601068, 0.000834284
0.601354, 0.000834428
0.601639, 0.00083329
0.601924, 0.000833183
0.60221, 0.000831875
0.602495, 0.00083359
0.60278, 0.000835508
0.603065, 0.000836438
0.603351, 0.00083792
0.603636, 0.000835306
0.603921, 0.000830528
0.604206, 0.000827956
0.604492, 0.000829135
0.604777, 0.000830371
0.605062, 0.000831396
0.605348, 0.000834761
0.605633, 0.000834555
0.605918, 0.000833535
0.606203, 0.000833341
0.606489, 0.000832213
0.606774, 0.000834066
0.607059, 0.000835908
0.607344, 0.000836869
0.60763, 0.000838138
0.607915, 0.000835232
0.6082, 0.000830471
0.608486, 0.000828192
0.608771, 0.000829602
0.609056, 0.000830671
0.609341, 0.000831888
0.609627, 0.00083517
0.609912, 0.000834655
0.610197, 0.000833776
0.610482, 0.00083347
0.610768, 0.00083257
0.611053, 0.000834508
0.611338, 0.000836248
0.611624, 0.000837258
0.611909, 0.000838277
0.612194, 0.000835147
0.612479, 0.000830443
0.612765, 0.000827747
0.61305, 0.000829269
0.613335, 0.000830186
0.61362, 0.000831592
0.613906, 0.000834839
0.614191, 0.000834046
0.614476, 0.000833312
0.614762, 0.00083286
0.615047, 0.000832242
0.615332, 0.000834283
0.615617, 0.000835938
0.615903, 0.000837042
0.616188, 0.000837777
0.616473, 0.000834414
0.616758, 0.000829768
0.617044, 0.000828173
0.617329, 0.00082988
0.617614, 0.000830685
0.6179, 0.000832338
0.618185, 0.000835358
0.61847, 0.000834339
0.618755, 0.000833732
0.619041, 0.000833093
0.619326, 0.000832792
0.619611, 0.00083485
0.619896, 0.000836399
0.620182, 0.0008376
0.620467, 0.000837701
0.620752, 0.000834115
0.621038, 0.000829563
0.621323, 0.000828254
0.621608, 0.00083008
0.621893, 0.000830763
0.622179, 0.000832653
0.622464, 0.000835433
0.622749, 0.000834227
0.623034, 0.000833742
0.62332, 0.000832875
0.623605, 0.000832904
0.62389, 0.000834996
0.624175, 0.000836457
0.624461, 0.000837746
0.624746, 0.000837723
0.625031, 0.000833883
0.625317, 0.000829555
0.625602, 0.000828601
0.625887, 0.000830461
0.626172, 0.000831087
0.626458, 0.000833241
0.626743, 0.00083571
0.627028, 0.000834424
0.627313, 0.000834045
0.627599, 0.000833022
0.627884, 0.000833362
0.628169, 0.00083546
0.628455, 0.000836785
0.62874, 0.000838179
0.629025, 0.000837711
0.62931, 0.000833732
0.629596, 0.000829605
0.629881, 0.00082899
0.630166, 0.000830852
0.630451, 0.000831425
0.630737, 0.000833807
0.631022, 0.000835971
0.631307, 0.000834659
0.631593, 0.000834364
0.631878, 0.000833175
0.632163, 0.000833833
0.632448, 0.000835935
0.632734, 0.00083714
0.633019, 0.000838638
0.633304, 0.000837758
0.633589, 0.000833537
0.633875, 0.000829705
0.63416, 0.000829386
0.634445, 0.000831233
0.634731, 0.000831778
0.635016, 0.000834389
0.635301, 0.000836204
0.635586, 0.000834859
0.635872, 0.000834678
0.636157, 0.000833344
0.636442, 0.000834263
0.636727, 0.000836338
0.637013, 0.000837443
0.637298, 0.000839042
0.637583, 0.000837769
0.637869, 0.000833462
0.638154, 0.000829826
0.638439, 0.000829813
0.638724, 0.000831579
0.63901, 0.000832133
0.639295, 0.000835001
0.63958, 0.000836437
0.639865, 0.000835094
0.640151, 0.000835056
0.640436, 0.000833557
0.640721, 0.000834726
0.641007, 0.000836776
0.641292, 0.000837792
0.641577, 0.00083945
0.641862, 0.000837805
0.642148, 0.000833361
0.642433, 0.000829965
0.642718, 0.000830247
0.643003, 0.000831911
0.643289, 0.000832549
0.643574, 0.000835618
0.643859, 0.000836607
0.644145, 0.000835318
0.64443, 0.000835292
0.644715, 0.000833788
0.645, 0.000835165
0.645286, 0.000837173
0.645571, 0.000838131
0.645856, 0.000839807
0.646141, 0.000837937
0.646427, 0.000833301
0.646712, 0.000830144
0.646997, 0.00082959
0.647283, 0.000831042
0.647568, 0.000831768
0.647853, 0.000835013
0.648138, 0.0008356
0.648424, 0.000834408
0.648709, 0.00083436
0.648994, 0.000832928
0.649279, 0.000834486
0.649565, 0.000836482
0.64985, 0.000837426
0.650135, 0.000839043
0.650421, 0.000836774
0.650706, 0.000832058
0.650991, 0.000829249
0.651276, 0.00083018
0.651562, 0.000831582
0.651847, 0.000832456
0.652132, 0.000835783
0.652417, 0.000835943
0.652703, 0.000834825
0.652988, 0.000834729
0.653273, 0.00083344
0.653559, 0.000835175
0.653844, 0.000837101
0.654129, 0.000838031
0.654414, 0.000839
0.6547, 0.000836387
0.654985, 0.000831616
0.65527, 0.000829071
0.655555, 0.000830272
0.655841, 0.0008315
0.656126, 0.000832543
0.656411, 0.000835901
0.656697, 0.000835682
0.656982, 0.000834681
0.657267, 0.000834489
0.657552, 0.000833381
0.657838, 0.000835236
0.658123, 0.000837056
0.658408, 0.000838021
0.658693, 0.000839265
0.658979, 0.00083638
0.659264, 0.000831617
0.659549, 0.000829376
0.659835, 0.000830792
0.66012, 0.000831842
0.660405, 0.000833075
0.66069, 0.000836372
0.660976, 0.000835832
0.661261, 0.000834971
0.661546, 0.000834655
0.661831, 0.000833797
0.662117, 0.000835755
0.662402, 0.000837485
0.662687, 0.000838508
0.662973, 0.000839473
0.663258, 0.000836295
0.663543, 0.000831589
0.663828, 0.000829698
0.664114, 0.000831301
0.664399, 0.000832195
0.664684, 0.000833612
0.664969, 0.000836808
0.665255, 0.000835945
0.66554, 0.000835237
0.665825, 0.000834754
0.666111, 0.000834173
0.666396, 0.000836202
0.666681, 0.000837826
0.666966, 0.00083893
0.667252, 0.000839583
0.667537, 0.000836208
0.667822, 0.000831602
0.668107, 0.000830045
0.668393, 0.000831772
0.668678, 0.000832541
0.668963, 0.000834246
0.669248, 0.000837215
0.669534, 0.000836125
0.669819, 0.000835568
0.670104, 0.00083487
0.67039, 0.000834631
0.670675, 0.000836689
0.67096, 0.000838202
0.671245, 0.000839418
0.671531, 0.000839683
0.671816, 0.000836063
0.672101, 0.000831614
0.672386, 0.000830423
0.672672, 0.000832189
0.672957, 0.000832851
0.673242, 0.000834809
0.673528, 0.00083751
0.673813, 0.000836295
0.674098, 0.000835838
0.674383, 0.00083494
0.674669, 0.000835052
0.674954, 0.000837128
0.675239, 0.000838538
0.675524, 0.000839859
0.67581, 0.000839724
0.676095, 0.000835836
0.67638, 0.000831609
0.676666, 0.000830774
0.676951, 0.000832592
0.677236, 0.00083318
0.677521, 0.000835376
0.677807, 0.000837754
0.678092, 0.000836476
0.678377, 0.000836099
0.678662, 0.000834996
0.678948, 0.000835458
0.679233, 0.000837526
0.679518, 0.000838814
0.679804, 0.000840259
0.680089, 0.000839767
0.680374, 0.000835667
0.680659, 0.000831623
0.680945, 0.000830377
0.68123, 0.000832174
0.681515, 0.000832727
0.6818, 0.000835176
0.682086, 0.000837247
0.682371, 0.000835914
0.682656, 0.000835639
0.682942, 0.00083441
0.683227, 0.000835169
0.683512, 0.000837266
0.683797, 0.000838446
0.684083, 0.000840031
0.684368, 0.000839037
0.684653, 0.00083475
0.684938, 0.000830985
0.685224, 0.000830808
0.685509, 0.000832644
0.685794, 0.000833215
0.68608, 0.000835939
0.686365, 0.000837616
0.68665, 0.00083625
0.686935, 0.000836212
0.687221, 0.000834749
0.687506, 0.00083577
0.687791, 0.000837836
0.688076, 0.000838913
0.688362, 0.000840183
0.688647, 0.000838729
0.688932, 0.000834339
0.689218, 0.000830794
0.689503, 0.000830912
0.689788, 0.000832669
0.690073, 0.00083325
0.690359, 0.000836237
0.690644, 0.000837468
0.690929, 0.000836144
0.691214, 0.000836145
0.6915, 0.000834636
0.691785, 0.000835906
0.69207, 0.000837934
0.692356, 0.000838918
0.692641, 0.00084058
0.692926, 0.000838773
0.693211, 0.000834253
0.693497, 0.000830969
0.693782, 0.000831425
0.694067, 0.00083301
0.694352, 0.000833703
0.694638, 0.000836866
0.694923, 0.000837622
0.695208, 0.000836385
0.695494, 0.000836376
0.695779, 0.000834899
0.696064, 0.000836373
0.696349, 0.00083837
0.696635, 0.000839288
0.69692, 0.000840893
0.697205, 0.000838734
0.69749, 0.000834092
0.697776, 0.00083113
0.698061, 0.000831922
0.698346, 0.000833353
0.698632, 0.000834176
0.698917, 0.000837432
0.699202, 0.000837728
0.699487, 0.000836592
0.699773, 0.000836512
0.700058, 0.000835143
0.700343, 0.000836796
0.700628, 0.000838725
0.700914, 0.000839625
0.701199, 0.000841139
0.701484, 0.000838673
0.70177, 0.000833996
0.702055, 0.00083132
0.70234, 0.000832383
0.702625, 0.000833651
0.702911, 0.000834632
0.703196, 0.000837951
0.703481, 0.000837868
0.703766, 0.000836825
0.704052, 0.000836639
0.704337, 0.000835455
0.704622, 0.000837253
0.704908, 0.000839099
0.705193, 0.000840028
0.705478, 0.00084136
0.705763, 0.000838589
0.706049, 0.000833886
0.706334, 0.000831526
0.706619, 0.000832825
0.706904, 0.000833923
0.70719, 0.000835094
0.707475, 0.000838384
0.70776, 0.000837959
0.708046, 0.000837045
0.708331, 0.000836748
0.708616, 0.000835799
0.708901, 0.000837711
0.709187, 0.000839454
0.709472, 0.000840442
0.709757, 0.000841519
0.710042, 0.00083845
0.710328, 0.000833755
0.710613, 0.000831764
0.710898, 0.000833281
0.711184, 0.000834204
0.711469, 0.000835554
0.711754, 0.000838788
0.712039, 0.000838039
0.712325, 0.000837262
0.71261, 0.000836821
0.712895, 0.000836159
0.71318, 0.000838162
0.713466, 0.000839799
0.713751, 0.000840873
0.714036, 0.000841654
0.714322, 0.00083835
0.714607, 0.000833677
0.714892, 0.000830805
0.715177, 0.000832382
0.715463, 0.000833185
0.715748, 0.000834804
0.716033, 0.000837847
0.716318, 0.000836882
0.716604, 0.000836268
0.716889, 0.000835626
0.717174, 0.000835328
0.717459, 0.000837381
0.717745, 0.000838936
0.71803, 0.00084014
0.718315, 0.000840617
0.718601, 0.000837064
0.718886, 0.000832518
0.719171, 0.000831223
0.719456, 0.000833049
0.719742, 0.000833756
0.720027, 0.000835653
0.720312, 0.000838436
0.720597, 0.000837243
0.720883, 0.000836778
0.721168, 0.000835907
0.721453, 0.000835966
0.721739, 0.000838055
0.722024, 0.000839513
0.722309, 0.000840817
0.722594, 0.000840299
0.72288, 0.000836486
0.723165, 0.000832182
0.72345, 0.000831261
0.723735, 0.000833101
0.724021, 0.000833716
0.724306, 0.000835872
0.724591, 0.000838324
0.724877, 0.000837042
0.725162, 0.000836668
0.725447, 0.000835593
0.725732, 0.00083599
0.726018, 0.000838081
0.726303, 0.000839402
0.726588, 0.000840823
0.726873, 0.000840297
0.727159, 0.000836268
0.727444, 0.000832205
0.727729, 0.000831652
0.728015, 0.000833496
0.7283, 0.00083407
0.728585, 0.000836508
0.72887, 0.000838593
0.729156, 0.000837261
0.729441, 0.000836979
0.729726, 0.000835779
0.730011, 0.000836471
0.730297, 0.000838555
0.730582, 0.000839737
0.730867, 0.000841287
0.731153, 0.000840307
0.731438, 0.000836061
0.731723, 0.000832268
0.732008, 0.000832022
0.732294, 0.000833845
0.732579, 0.000834392
0.732864, 0.000837085
0.733149, 0.000838794
0.733435, 0.000837438
0.73372, 0.000837337
0.734005, 0.000835935
0.734291, 0.000836912
0.734576, 0.00083897
0.734861, 0.000840047
0.735146, 0.000841666
0.735432, 0.000840262
0.735717, 0.000835918
0.736002, 0.000832346
0.736287, 0.000832425
0.736573, 0.00083418
0.736858, 0.000834758
0.737143, 0.000837703
0.737429, 0.000838961
0.737714, 0.000837645
0.737999, 0.000837634
0.738284, 0.000836124
0.73857, 0.000837364
0.738855, 0.000839391
0.73914, 0.000840379
0.739425, 0.000842038
0.739711, 0.000840257
0.739996, 0.000835731
0.740281, 0.000832455
0.740567, 0.000832886
0.740852, 0.000834465
0.741137, 0.000835142
0.741422, 0.000838275
0.741708, 0.000839015
0.741993, 0.000837776
0.742278, 0.000837771
0.742563, 0.000836284
0.742849, 0.000837754
0.743134, 0.000839757
0.743419, 0.000840681
0.743705, 0.000842292
0.74399, 0.000840154
0.744275, 0.000835509
0.74456, 0.000832549
0.744846, 0.000833345
0.745131, 0.000834772
0.745416, 0.000835583
0.745701, 0.000838833
0.745987, 0.00083914
0.746272, 0.000837995
0.746557, 0.000837917
0.746843, 0.000836573
0.747128, 0.000838223
0.747413, 0.000840154
0.747698, 0.000841056
0.747984, 0.000842555
0.748269, 0.000840081
0.748554, 0.0008354
0.748839, 0.000832749
0.749125, 0.000833103
0.74941, 0.000834314
0.749695, 0.000835296
0.749981, 0.000838613
0.750266, 0.000838529
0.750551, 0.000837518
0.750836, 0.000837356
0.751122, 0.00083621
0.751407, 0.000838024
0.751692, 0.000839879
0.751977, 0.000840823
0.752263, 0.000842154
0.752548, 0.000839383
0.752833, 0.000834696
0.753119, 0.000832366
0.753404, 0.000833706
0.753689, 0.000834798
0.753974, 0.000835981
0.75426, 0.000839267
0.754545, 0.000838824
0.75483, 0.000837936
0.755115, 0.000837653
0.755401, 0.000836735
0.755686, 0.000838666
0.755971, 0.000840419
0.756257, 0.000841419
0.756542, 0.000842095
0.756827, 0.000839011
0.757112, 0.000834324
0.757398, 0.000832357
0.757683, 0.000833876
0.757968, 0.000834788
0.758253, 0.000836158
0.758539, 0.000839378
0.758824, 0.0008386
0.759109, 0.000837862
0.759395, 0.000837413
0.75968, 0.000836794
0.759965, 0.000838808
0.76025, 0.000840438
0.760536, 0.000841525
0.760821, 0.000842245
0.761106, 0.0008389
0.761391, 0.000834265
0.761677, 0.000832668
0.761962, 0.000834368
0.762247, 0.000835145
0.762532, 0.000836797
0.762818, 0.000839782
0.763103, 0.000838746
0.763388, 0.00083816
0.763674, 0.000837493
0.763959, 0.000837227
0.764244, 0.00083928
0.764529, 0.000840792
0.764815, 0.000841988
0.7651, 0.000842271
0.765385, 0.00083868
0.76567, 0.000834226
0.765956, 0.00083302
0.766241, 0.0008348
0.766526, 0.000835465
0.766812, 0.000837394
0.767097, 0.000840088
0.767382, 0.000838891
0.767667, 0.000838429
0.767953, 0.000837546
0.768238, 0.000837645
0.768523, 0.000839718
0.768808, 0.00084112
0.769094, 0.00084243
0.769379, 0.000842263
0.769664, 0.000838375
0.76995, 0.000834168
0.770235, 0.000833344
0.77052, 0.000835152
0.770805, 0.000835739
0.771091, 0.00083794
0.771376, 0.000840296
0.771661, 0.000839025
0.771946, 0.00083866
0.772232, 0.000837569
0.772517, 0.000838043
0.772802, 0.000840104
0.773088, 0.000841377
0.773373, 0.000842825
0.773658, 0.000842184
0.773943, 0.000838126
0.774229, 0.000834143
0.774514, 0.000833687
0.774799, 0.000835498
0.775084, 0.000836041
0.77537, 0.000838505
0.775655, 0.000840504
0.77594, 0.000839178
0.776226, 0.000838904
0.776511, 0.000837664
0.776796, 0.000838429
0.777081, 0.000840483
0.777367, 0.000841631
0.777652, 0.000843212
0.777937, 0.00084213
0.778222, 0.000837826
0.778508, 0.000834112
0.778793, 0.000833976
0.779078, 0.000835766
0.779364, 0.000836307
0.779649, 0.00083904
0.779934, 0.000840635
0.780219, 0.000839283
0.780505, 0.000839241
0.78079, 0.000837753
0.781075, 0.000838814
0.78136, 0.000840846
0.781646, 0.000841894
0.781931, 0.000843547
0.782216, 0.000842091
0.782502, 0.000837659
0.782787, 0.000834168
0.783072, 0.000833181
0.783357, 0.000834812
0.783643, 0.000835405
0.783928, 0.000838424
0.784213, 0.000839551
0.784498, 0.000838261
0.784784, 0.000838268
0.785069, 0.00083675
0.785354, 0.000838096
0.78564, 0.000840125
0.785925, 0.000841111
0.78621, 0.000842807
0.786495, 0.000840929
0.786781, 0.000836342
0.787066, 0.000833175
0.787351, 0.000833762
0.787636, 0.000835328
0.787922, 0.000836056
0.788207, 0.000839271
0.788492, 0.000839893
0.788778, 0.000838689
0.789063, 0.000838658
0.789348, 0.000837218
0.789633, 0.000838737
0.789919, 0.000840721
0.790204, 0.000841642
0.790489, 0.000842712
0.790774, 0.00084049
0.79106, 0.000835782
0.791345, 0.000832942
0.79163, 0.000833828
0.791916, 0.00083521
0.792201, 0.000836076
0.792486, 0.000839387
0.792771, 0.000839553
0.793057, 0.00083843
0.793342, 0.000838327
0.793627, 0.000837025
0.793912, 0.000838727
0.794198, 0.000840635
0.794483, 0.000841553
0.794768, 0.000843017
0.795054, 0.000840414
0.795339, 0.00083567
0.795624, 0.000833141
0.795909, 0.000834338
0.796195, 0.000835542
0.79648, 0.00083658
0.796765, 0.000839914
0.79705, 0.000839676
0.797336, 0.00083869
0.797621, 0.000838488
0.797906, 0.000837385
0.798192, 0.000839226
0.798477, 0.000841025
0.798762, 0.000841984
0.799047, 0.000843209
0.799333, 0.00084031
0.799618, 0.000835551
0.799903, 0.000833375
0.800188, 0.000834795
0.800474, 0.000835811
0.800759, 0.000837064
0.801044, 0.00084035
0.80133, 0.000839758
0.801615, 0.000838905
0.8019, 0.000838568
0.802185, 0.000837746
0.802471, 0.000839694
0.802756, 0.000841396
0.803041, 0.000842433
0.803326, 0.000843344
0.803612, 0.000840143
0.803897, 0.000835435
0.804182, 0.000833611
0.804468, 0.000835249
0.804753, 0.000836106
0.805038, 0.000837656
0.805323, 0.000840736
0.805609, 0.000839838
0.805894, 0.000839149
0.806179, 0.000838597
0.806464, 0.000838116
0.80675, 0.000840133
0.807035, 0.000841714
0.80732, 0.000842845
0.807606, 0.000843382
0.807891, 0.000839936
0.808176, 0.000835346
0.808461, 0.000833897
0.808747, 0.000835653
0.809032, 0.000836383
0.809317, 0.000838195
0.809602, 0.000841029
0.809888, 0.000839888
0.810173, 0.0008394
0.810458, 0.000838617
0.810743, 0.000838502
0.811029, 0.000840556
0.811314, 0.000842035
0.811599, 0.000843275
0.811885, 0.000843355
0.81217, 0.000839624
0.812455, 0.000835255
0.81274, 0.000834217
0.813026, 0.00083604
0.813311, 0.000836663
0.813596, 0.000838741
0.813881, 0.000841257
0.814167, 0.000839987
0.814452, 0.000839614
0.814737, 0.00083863
0.815023, 0.000838917
0.815308, 0.000840996
0.815593, 0.000842324
0.815878, 0.00084368
0.816164, 0.000843277
0.816449, 0.000839327
0.816734, 0.000835214
0.817019, 0.000833839
0.817305, 0.000835643
0.81759, 0.000836204
0.817875, 0.000838565
0.818161, 0.000840726
0.818446, 0.000839431
0.818731, 0.000839152
0.819016, 0.000837981
0.819302, 0.000838648
0.819587, 0.000840745
0.819872, 0.000841948
0.820157, 0.000843439
0.820443, 0.000842558
0.820728, 0.000838377
0.821013, 0.000834573
0.821299, 0.000834291
0.821584, 0.000836122
0.821869, 0.000836669
0.822154, 0.000839296
0.82244, 0.000841066
0.822725, 0.000839737
0.82301, 0.000839602
0.823295, 0.000838266
0.823581, 0.000839224
0.823866, 0.000841295
0.824151, 0.000842375
0.824437, 0.000843567
0.824722, 0.000842246
0.825007, 0.000837925
0.825292, 0.000834347
0.825578, 0.000834383
0.825863, 0.000836137
0.826148, 0.000836694
0.826433, 0.000839599
0.826719, 0.000840882
0.827004, 0.000839581
0.827289, 0.000839573
0.827575, 0.000838093
0.82786, 0.000839329
0.828145, 0.00084136
0.82843, 0.000842342
0.828716, 0.000843982
0.829001, 0.000842268
0.829286, 0.000837785
0.829571, 0.000834484
0.829857, 0.000834898
0.830142, 0.000836495
0.830427, 0.000837172
0.830713, 0.00084027
0.830998, 0.000841047
0.831283, 0.000839813
0.831568, 0.000839806
0.831854, 0.000838342
0.832139, 0.000839802
0.832424, 0.000841799
0.832709, 0.000842716
0.832995, 0.000844317
0.83328, 0.000842177
0.833565, 0.00083755
0.833851, 0.000834602
0.834136, 0.000835385
0.834421, 0.000836799
0.834706, 0.000837614
0.834992, 0.000840859
0.835277, 0.00084115
0.835562, 0.000840023
0.835847, 0.000839948
0.836133, 0.000838617
0.836418, 0.000840265
0.836703, 0.00084218
0.836989, 0.000843075
0.837274, 0.000844558
0.837559, 0.000842061
0.837844, 0.000837385
0.83813, 0.00083476
0.838415, 0.000835844
0.8387, 0.000837081
0.838985, 0.00083806
0.839271, 0.00084135
0.839556, 0.000841213
0.839841, 0.000840211
0.840127, 0.000840035
0.840412, 0.00083889
0.840697, 0.000840702
0.840982, 0.00084253
0.841268, 0.000843458
0.841553, 0.000844726
0.841838, 0.000841923
0.842123, 0.000837229
0.842409, 0.000834939
0.842694, 0.000836306
0.842979, 0.000837358
0.843265, 0.000838542
0.84355, 0.000841797
0.843835, 0.000841288
0.84412, 0.000840418
0.844406, 0.000840116
0.844691, 0.000839227
0.844976, 0.000841151
0.845261, 0.000842874
0.845547, 0.000843871
0.845832, 0.000844854
0.846117, 0.000841736
0.846403, 0.000837071
0.846688, 0.000835169
0.846973, 0.000836763
0.847258, 0.000837638
0.847544, 0.000839036
0.847829, 0.00084221
0.848114, 0.000841355
0.848399, 0.000840641
0.848685, 0.000840151
0.84897, 0.000839588
0.849255, 0.000841595
0.849541, 0.000843204
0.849826, 0.000844298
0.850111, 0.00084491
0.850396, 0.000841534
0.850682, 0.000836957
0.850967, 0.000834167
0.851252, 0.000835816
0.851537, 0.000836568
0.851823, 0.000838291
0.852108, 0.000841215
0.852393, 0.000840116
0.852679, 0.000839607
0.852964, 0.000838892
0.853249, 0.000838726
0.853534, 0.000840798
0.85382, 0.000842301
0.854105, 0.00084354
0.85439, 0.000843724
0.854675, 0.000840077
0.854961, 0.000835715
0.855246, 0.000834632
0.855531, 0.000836466
0.855816, 0.000837119
0.856102, 0.000839145
0.856387, 0.000841747
0.856672, 0.000840512
0.856958, 0.000840121
0.857243, 0.000839176
0.857528, 0.000839405
0.857813, 0.000841505
0.858099, 0.000842861
0.858384, 0.000844217
0.858669, 0.000843344
0.858954, 0.000839477
0.85924, 0.000835341
0.859525, 0.00083463
0.85981, 0.00083645
0.860096, 0.000837016
0.860381, 0.000839312
0.860666, 0.000841535
0.860951, 0.000840241
0.861237, 0.000839941
0.861522, 0.000838779
0.861807, 0.000839398
0.862092, 0.00084149
0.862378, 0.000842706
0.862663, 0.000844195
0.862948, 0.000843358
0.863234, 0.000839218
0.863519, 0.000835396
0.863804, 0.000835062
0.864089, 0.000836874
0.864375, 0.000837408
0.86466, 0.000839983
0.864945, 0.000841807
0.86523, 0.000840477
0.865516, 0.000840305
0.865801, 0.000838994
0.866086, 0.000839926
0.866372, 0.000841989
0.866657, 0.000843079
0.866942, 0.000844664
0.867227, 0.000843403
0.867513, 0.000839116
0.867798, 0.000835513
0.868083, 0.000835498
0.868368, 0.000837235
0.868654, 0.000837789
0.868939, 0.000840663
0.869224, 0.000841996
0.86951, 0.000840699
0.869795, 0.000840686
0.87008, 0.000839201
0.870365, 0.000840419
0.870651, 0.000842447
0.870936, 0.000843435
0.871221, 0.000845077
0.871506, 0.000843343
0.871792, 0.00083888
0.872077, 0.000835583
0.872362, 0.000835971
0.872648, 0.000837569
0.872933, 0.000838233
0.873218, 0.00084132
0.873503, 0.000842111
0.873789, 0.000840872
0.874074, 0.000840866
0.874359, 0.000839399
0.874644, 0.00084086
0.87493, 0.000842857
0.875215, 0.00084378
0.8755, 0.000845388
0.875786, 0.000843273
0.876071, 0.000838663
0.876356, 0.000835696
0.876641, 0.000836441
0.876927, 0.000837853
0.877212, 0.000838662
0.877497, 0.000841894
0.877782, 0.000842196
0.878068, 0.000841065
0.878353, 0.000840988
0.878638, 0.000839654
0.878924, 0.000841296
0.879209, 0.000843221
0.879494, 0.000844122
0.879779, 0.000845614
0.880065, 0.000843131
0.88035, 0.000838451
0.880635, 0.000835822
0.88092, 0.000836891
0.881206, 0.000838118
0.881491, 0.000839092
0.881776, 0.00084238
0.882062, 0.000842251
0.882347, 0.000841242
0.882632, 0.000841066
0.882917, 0.000839927
0.883203, 0.000841731
0.883488, 0.000843562
0.883773, 0.000844497
0.884058, 0.000845788
0.884344, 0.000843
0.884629, 0.000838295
0.884914, 0.000835281
0.8852, 0.0008366
0.885485, 0.000837647
0.88577, 0.000838845
0.886055, 0.000842102
0.886341, 0.000841604
0.886626, 0.000840745
0.886911, 0.000840448
0.887196, 0.000839577
0.887482, 0.00084151
0.887767, 0.000843249
0.888052, 0.000844269
0.888338, 0.000845261
0.888623, 0.000842164
0.888908, 0.000837498
0.889193, 0.000835606
0.889479, 0.0008372
0.889764, 0.000838079
0.890049, 0.00083949
0.890334, 0.000842675
0.89062, 0.000841825
0.890905, 0.000841126
0.89119, 0.000840631
0.891476, 0.000840099
0.891761, 0.000842116
0.892046, 0.000843725
0.892331, 0.000844834
0.892617, 0.000845044
0.892902, 0.000841621
0.893187, 0.000837045
0.893472, 0.000835556
0.893758, 0.000837289
0.894043, 0.000838023
0.894328, 0.00083975
0.894614, 0.000842622
0.894899, 0.000841494
0.895184, 0.000840997
0.895469, 0.000840258
0.895755, 0.000840111
0.89604, 0.000842165
0.896325, 0.000843644
0.89661, 0.000844874
0.896896, 0.000845016
0.897181, 0.00084131
0.897466, 0.000836942
0.897752, 0.000835863
0.898037, 0.000837672
0.898322, 0.000838288
0.898607, 0.000840319
0.898893, 0.000842866
0.899178, 0.000841614
0.899463, 0.000841235
0.899748, 0.000840268
0.900034, 0.000840532
0.900319, 0.00084261
0.900604, 0.000843942
0.900889, 0.000845294
0.901175, 0.000844909
0.90146, 0.000840989
0.901745, 0.000836876
0.902031, 0.0008362
0.902316, 0.00083803
0.902601, 0.000838572
0.902886, 0.000840908
0.903172, 0.000843053
0.903457, 0.000841755
0.903742, 0.000841474
0.904027, 0.000840321
0.904313, 0.000840963
0.904598, 0.000843044
0.904883, 0.000844228
0.905169, 0.00084572
0.905454, 0.000844819
0.905739, 0.000840651
0.906024, 0.000836843
0.90631, 0.000836538
0.906595, 0.000838334
0.90688, 0.000838862
0.907165, 0.000841484
0.907451, 0.000843238
0.907736, 0.000841907
0.908021, 0.000841773
0.908307, 0.000840437
0.908592, 0.000841388
0.908877, 0.000843442
0.909162, 0.000844504
0.909448, 0.000846085
0.909733, 0.00084472
0.910018, 0.000840425
0.910303, 0.000836857
0.910589, 0.000836905
0.910874, 0.000838633
0.911159, 0.000839191
0.911445, 0.000842107
0.91173, 0.000843373
0.912015, 0.00084207
0.9123, 0.000842063
0.912586, 0.000840569
0.912871, 0.000841813
0.913156, 0.000843821
0.913441, 0.000844793
0.913727, 0.000846436
0.914012, 0.000844632
0.914297, 0.000840162
0.914583, 0.000836899
0.914868, 0.000837353
0.915153, 0.000838918
0.915438, 0.000839604
0.915724, 0.000842744
0.916009, 0.000843458
0.916294, 0.000842225
0.916579, 0.000842216
0.916865, 0.000840757
0.91715, 0.000842231
0.917435, 0.000844205
0.917721, 0.00084511
0.918006, 0.0008467
0.918291, 0.000844513
0.918576, 0.000839887
0.918862, 0.000836976
0.919147, 0.000836614
0.919432, 0.000837918
0.919717, 0.000838768
0.920003, 0.000842083
0.920288, 0.000842321
0.920573, 0.000841209
0.920859, 0.000841135
0.921144, 0.000839849
0.921429, 0.000841524
0.921714, 0.000843436
0.922, 0.00084434
0.922285, 0.000845818
0.92257, 0.000843301
0.922855, 0.000838587
0.923141, 0.000836027
0.923426, 0.000837183
0.923711, 0.000838413
0.923997, 0.000839437
0.924282, 0.00084278
0.924567, 0.000842582
0.924852, 0.000841601
0.925138, 0.000841418
0.925423, 0.000840345
0.925708, 0.000842174
0.925993, 0.00084398
0.926279, 0.000844925
0.926564, 0.000845584
0.926849, 0.000842698
0.927135, 0.000837968
0.92742, 0.000835763
0.927705, 0.000837179
0.92799, 0.00083819
0.928276, 0.00083943
0.928561, 0.000842693
0.928846, 0.000842104
0.929131, 0.000841266
0.929417, 0.000840941
0.929702, 0.000840129
0.929987, 0.000842061
0.930273, 0.000843754
0.930558, 0.000844776
0.930843, 0.000845681
0.931128, 0.000842497
0.931414, 0.0008378
0.931699, 0.000836009
0.931984, 0.000837649
0.932269, 0.000838495
0.932555, 0.000840043
0.93284, 0.000843112
0.933125, 0.000842202
0.933411, 0.00084152
0.933696, 0.000840949
0.933981, 0.000840505
0.934266, 0.000842515
0.934552, 0.00084408
0.934837, 0.000845215
0.935122, 0.000845697
0.935407, 0.00084224
0.935693, 0.00083767
0.935978, 0.000836311
0.936263, 0.000838062
0.936549, 0.000838772
0.936834, 0.000840615
0.937119, 0.000843397
0.937404, 0.000842229
0.93769, 0.000841759
0.937975, 0.000840942
0.93826, 0.000840893
0.938545, 0.000842934
0.938831, 0.000844384
0.939116, 0.000845643
0.939401, 0.000845666
0.939687, 0.000841899
0.939972, 0.000837595
0.940257, 0.000836639
0.940542, 0.000838444
0.940828, 0.00083906
0.941113, 0.000841197
0.941398, 0.000843643
0.941683, 0.000842367
0.941969, 0.000841996
0.942254, 0.000840951
0.942539, 0.000841303
0.942825, 0.000843367
0.94311, 0.000844672
0.943395, 0.000846075
0.94368, 0.000845558
0.943966, 0.000841583
0.944251, 0.000837532
0.944536, 0.000836995
0.944821, 0.000838801
0.945107, 0.000839355
0.945392, 0.000841776
0.945677, 0.000843835
0.945963, 0.00084251
0.946248, 0.000842233
0.946533, 0.000841011
0.946818, 0.000841722
0.947104, 0.000843774
0.947389, 0.00084493
0.947674, 0.000846492
0.947959, 0.000845484
0.948245, 0.000841257
0.94853, 0.000837521
0.948815, 0.000837348
0.9491, 0.000839126
0.949386, 0.000839666
0.949671, 0.00084236
0.949956, 0.000844
0.950242, 0.000842656
0.950527, 0.000842614
0.950812, 0.000841131
0.951097, 0.000842153
0.951383, 0.00084418
0.951668, 0.000845229
0.951953, 0.000846874
0.952238, 0.000845412
0.952524, 0.000841013
0.952809, 0.000837543
0.953094, 0.000837035
0.95338, 0.000838683
0.953665, 0.000839273
0.95395, 0.00084228
0.954235, 0.00084339
0.954521, 0.000842107
0.954806, 0.00084211
0.955091, 0.000840587
0.955376, 0.000841914
0.955662, 0.000843912
0.955947, 0.000844888
0.956232, 0.000846573
0.956518, 0.000844715
0.956803, 0.000840154
0.957088, 0.000837008
0.957373, 0.000837591
0.957659, 0.000839127
0.957944, 0.000839848
0.958229, 0.000843057
0.958514, 0.000843632
0.9588, 0.000842439
0.959085, 0.000842389
0.95937, 0.000840953
0.959656, 0.000842486
0.959941, 0.000844448
0.960226, 0.000845369
0.960511, 0.000846539
0.960797, 0.000844243
0.961082, 0.000839564
0.961367, 0.000836799
0.961652, 0.000837719
0.961938, 0.000839051
0.962223, 0.000839931
0.962508, 0.000843237
0.962794, 0.000843331
0.963079, 0.000842263
0.963364, 0.000842121
0.963649, 0.000840854
0.963935, 0.000842558
0.96422, 0.000844419
0.964505, 0.000845341
0.96479, 0.000846784
0.965076, 0.000844206
0.965361, 0.000839473
0.965646, 0.000837013
0.965932, 0.000838235
0.966217, 0.00083938
0.966502, 0.000840453
0.966787, 0.000843739
0.967073, 0.000843429
0.967358, 0.000842491
0.967643, 0.000842221
0.967928, 0.000841193
0.968214, 0.000843055
0.968499, 0.000844811
0.968784, 0.000845781
0.96907, 0.000846912
0.969355, 0.000843895
0.96964, 0.000839194
0.969925, 0.000837163
0.970211, 0.000838628
0.970496, 0.00083958
0.970781, 0.000840899
0.971066, 0.000844129
0.971352, 0.000843415
0.971637, 0.000842637
0.971922, 0.000842221
0.972208, 0.00084151
0.972493, 0.000843468
0.972778, 0.000845102
0.973063, 0.00084616
0.973349, 0.000846953
0.973634, 0.000843627
0.973919, 0.000838993
0.974204, 0.000837386
0.97449, 0.000839059
0.974775, 0.000839849
0.97506, 0.000841477
0.975346, 0.000844461
0.975631, 0.000843436
0.975916, 0.00084284
0.976201, 0.000842188
0.976487, 0.000841887
0.976772, 0.000843905
0.977057, 0.000845404
0.977342, 0.000846582
0.977628, 0.000846874
0.977913, 0.000843331
0.978198, 0.000838902
0.978484, 0.000837699
0.978769, 0.00083946
0.979054, 0.000840117
0.979339, 0.000842043
0.979625, 0.00084472
0.97991, 0.000843536
0.980195, 0.000843086
0.98048, 0.000842194
0.980766, 0.000842301
0.981051, 0.000844364
0.981336, 0.000845742
0.981622, 0.000847048
0.981907, 0.00084684
0.982192, 0.000843023
0.982477, 0.000838859
0.982763, 0.000838064
0.983048, 0.000839855
0.983333, 0.000840434
0.983618, 0.00084267
0.983904, 0.00084498
0.984189, 0.000843719
0.984474, 0.000843375
0.98476, 0.000842252
0.985045, 0.000842783
0.98533, 0.000844848
0.985615, 0.000846086
0.985901, 0.000847541
0.986186, 0.000846801
0.986471, 0.000842739
0.986756, 0.000838881
0.987042, 0.000837181
0.987327, 0.00083886
0.987612, 0.000839413
0.987898, 0.000841973
0.988183, 0.000843873
0.988468, 0.000842577
0.988753, 0.000842369
0.989039, 0.000841108
0.989324, 0.000841978
0.989609, 0.000844048
0.989894, 0.000845165
0.99018, 0.000846752
0.990465, 0.000845548
0.99075, 0.000841324
0.991036, 0.000837722
0.991321, 0.000837702
0.991606, 0.000839467
0.991891, 0.000840033
0.992177, 0.000842889
0.992462, 0.000844302
0.992747, 0.000842999
0.993032, 0.000842978
0.993318, 0.000841495
0.993603, 0.000842679
0.993888, 0.000844707
0.994173, 0.000845709
0.994459, 0.000846792
0.994744, 0.000845148
0.995029, 0.000840729
0.995315, 0.00083741
0.9956, 0.000837771
0.995885, 0.000839382
0.99617, 0.000840052
0.996456, 0.000843124
0.996741, 0.000843965
0.997026, 0.000842723
0.997311, 0.000842706
0.997597, 0.000841212
0.997882, 0.000842652
0.998167, 0.000844643
0.998453, 0.000845562
0.998738, 0.000847169
0.999023, 0.000845093
0.999308, 0.000840513
0.999594, 0.000837543
0.999879, 0.000838283
