x, y
0, 0
0.000285272, 1.9302e-06
0.000570544, 3.39429e-06
0.000855816, 4.30666e-06
0.00114109, 5.01384e-06
0.00142636, 5.68876e-06
0.00171163, 6.06373e-06
0.00199691, 6.10093e-06
0.00228218, 5.9876e-06
0.00256745, 6.04515e-06
0.00285272, 6.34221e-06
0.00313799, 6.79973e-06
0.00342327, 7.08952e-06
0.00370854, 7.06739e-06
0.00399381, 6.96134e-06
0.00427908, 6.99281e-06
0.00456435, 6.88165e-06
0.00484963, 6.68665e-06
0.0051349, 6.25621e-06
0.00542017, 5.89539e-06
0.00570544, 6.10708e-06
0.00599072, 6.6177e-06
0.00627599, 6.72877e-06
0.00656126, 6.38895e-06
0.00684653, 5.93847e-06
0.0071318, 5.77366e-06
0.00741708, 5.98483e-06
0.00770235, 6.45585e-06
0.00798762, 6.71537e-06
0.00827289, 6.66331e-06
0.00855816, 6.5577e-06
0.00884344, 6.4417e-06
0.00912871, 6.18351e-06
0.00941398, 5.81542e-06
0.00969925, 5.2563e-06
0.00998453, 5.13038e-06
0.0102698, 5.80564e-06
0.0105551, 6.49793e-06
0.0108403, 6.65851e-06
0.0111256, 6.40341e-06
0.0114109, 6.0744e-06
0.0116962, 5.89933e-06
0.0119814, 5.99243e-06
0.0122667, 6.18253e-06
0.012552, 6.10986e-06
0.0128372, 5.8853e-06
0.0131225, 5.83596e-06
0.0134078, 5.77277e-06
0.0136931, 5.66406e-06
0.0139783, 5.37395e-06
0.0142636, 5.03121e-06
0.0145489, 5.30587e-06
0.0148342, 6.10192e-06
0.0151194, 6.57963e-06
0.0154047, 6.50264e-06
0.01569, 6.09901e-06
0.0159752, 5.75963e-06
0.0162605, 5.66574e-06
0.0165458, 5.89527e-06
0.0168311, 6.08799e-06
0.0171163, 6.05088e-06
0.0174016, 6.015e-06
0.0176869, 6.10219e-06
0.0179721, 6.04936e-06
0.0182574, 5.90701e-06
0.0185427, 5.46326e-06
0.018828, 5.18157e-06
0.0191132, 5.61535e-06
0.0193985, 6.31526e-06
0.0196838, 6.54751e-06
0.0199691, 6.30682e-06
0.0202543, 5.91624e-06
0.0205396, 5.70054e-06
0.0208249, 5.78177e-06
0.0211101, 6.08983e-06
0.0213954, 6.21714e-06
0.0216807, 6.12032e-06
0.021966, 6.08818e-06
0.0222512, 6.06464e-06
0.0225365, 5.93138e-06
0.0228218, 5.66766e-06
0.023107, 5.18367e-06
0.0233923, 5.19202e-06
0.0236776, 5.91037e-06
0.0239629, 6.52286e-06
0.0242481, 6.60256e-06
0.0245334, 6.2891e-06
0.0248187, 5.95453e-06
0.025104, 5.80636e-06
0.0253892, 5.97411e-06
0.0256745, 6.22005e-06
0.0259598, 6.22396e-06
0.026245, 6.11548e-06
0.0265303, 6.14688e-06
0.0268156, 6.11803e-06
0.0271009, 6.02081e-06
0.0273861, 5.69093e-06
0.0276714, 5.34108e-06
0.0279567, 5.62568e-06
0.0282419, 6.36039e-06
0.0285272, 6.74591e-06
0.0288125, 6.6242e-06
0.0290978, 6.21323e-06
0.029383, 5.91373e-06
0.0296683, 5.86017e-06
0.0299536, 6.10422e-06
0.0302388, 6.27371e-06
0.0305241, 6.21488e-06
0.0308094, 6.17844e-06
0.0310947, 6.22494e-06
0.0313799, 6.15014e-06
0.0316652, 5.97514e-06
0.0319505, 5.52664e-06
0.0322358, 5.3289e-06
0.032521, 5.847e-06
0.0328063, 6.52715e-06
0.0330916, 6.71288e-06
0.0333768, 6.46169e-06
0.0336621, 6.09835e-06
0.0339474, 5.9066e-06
0.0342327, 6.01326e-06
0.0345179, 6.30527e-06
0.0348032, 6.37666e-06
0.0350885, 6.25418e-06
0.0353737, 6.23454e-06
0.035659, 6.20382e-06
0.0359443, 6.07396e-06
0.0362296, 5.77941e-06
0.0365148, 5.32797e-06
0.0368001, 5.40349e-06
0.0370854, 6.12229e-06
0.0373707, 6.66862e-06
0.0376559, 6.68938e-06
0.0379412, 6.36909e-06
0.0382265, 6.08179e-06
0.0385117, 6.00021e-06
0.038797, 6.227e-06
0.0390823, 6.45476e-06
0.0393676, 6.42851e-06
0.0396528, 6.31694e-06
0.0399381, 6.33318e-06
0.0402234, 6.25756e-06
0.0405086, 6.11977e-06
0.0407939, 5.73591e-06
0.0410792, 5.41064e-06
0.0413645, 5.75657e-06
0.0416497, 6.4897e-06
0.041935, 6.82828e-06
0.0422203, 6.6868e-06
0.0425056, 6.32637e-06
0.0427908, 6.10119e-06
0.0430761, 6.12794e-06
0.0433614, 6.39935e-06
0.0436466, 6.53394e-06
0.0439319, 6.4434e-06
0.0442172, 6.39002e-06
0.0445025, 6.39681e-06
0.0447877, 6.29102e-06
0.045073, 6.07977e-06
0.0453583, 5.63005e-06
0.0456435, 5.50734e-06
0.0459288, 6.08286e-06
0.0462141, 6.72471e-06
0.0464994, 6.85967e-06
0.0467846, 6.59234e-06
0.0470699, 6.26127e-06
0.0473552, 6.10374e-06
0.0476405, 6.2467e-06
0.0479257, 6.51832e-06
0.048211, 6.5575e-06
0.0484963, 6.42987e-06
0.0487815, 6.42389e-06
0.0490668, 6.37978e-06
0.0493521, 6.25491e-06
0.0496374, 5.9451e-06
0.0499226, 5.53545e-06
0.0502079, 5.68183e-06
0.0504932, 6.38495e-06
0.0507784, 6.8596e-06
0.0510637, 6.82882e-06
0.051349, 6.48914e-06
0.0516343, 6.21085e-06
0.0519195, 6.14375e-06
0.0522048, 6.3737e-06
0.0524901, 6.57641e-06
0.0527754, 6.53821e-06
0.0530606, 6.45134e-06
0.0533459, 6.47203e-06
0.0536312, 6.39434e-06
0.0539164, 6.25529e-06
0.0542017, 5.86006e-06
0.054487, 5.59242e-06
0.0547723, 5.99363e-06
0.0550575, 6.69372e-06
0.0553428, 6.96469e-06
0.0556281, 6.78558e-06
0.0559133, 6.42889e-06
0.0561986, 6.20921e-06
0.0564839, 6.24763e-06
0.0567692, 6.51091e-06
0.0570544, 6.62569e-06
0.0573397, 6.5363e-06
0.057625, 6.51303e-06
0.0579102, 6.51865e-06
0.0581955, 6.4256e-06
0.0584808, 6.21257e-06
0.0587661, 5.7715e-06
0.0590513, 5.72086e-06
0.0593366, 6.32629e-06
0.0596219, 6.90344e-06
0.0599072, 6.98692e-06
0.0601924, 6.70032e-06
0.0604777, 6.37923e-06
0.060763, 6.22822e-06
0.0610482, 6.38478e-06
0.0613335, 6.63339e-06
0.0616188, 6.65748e-06
0.0619041, 6.54998e-06
0.0621893, 6.56399e-06
0.0624746, 6.52017e-06
0.0627599, 6.40568e-06
0.0630451, 6.0793e-06
0.0633304, 5.70588e-06
0.0636157, 5.91271e-06
0.063901, 6.60348e-06
0.0641862, 7.01251e-06
0.0644715, 6.93875e-06
0.0647568, 6.59159e-06
0.0650421, 6.33654e-06
0.0653273, 6.29543e-06
0.0656126, 6.53097e-06
0.0658979, 6.70624e-06
0.0661831, 6.65242e-06
0.0664684, 6.5849e-06
0.0667537, 6.60325e-06
0.067039, 6.51617e-06
0.0673242, 6.36185e-06
0.0676095, 5.94658e-06
0.0678948, 5.72765e-06
0.06818, 6.17889e-06
0.0684653, 6.84601e-06
0.0687506, 7.06233e-06
0.0690359, 6.86105e-06
0.0693211, 6.52506e-06
0.0696064, 6.33065e-06
0.0698917, 6.4043e-06
0.070177, 6.67025e-06
0.0704622, 6.75604e-06
0.0707475, 6.65239e-06
0.0710328, 6.63675e-06
0.071318, 6.62349e-06
0.0716033, 6.52052e-06
0.0718886, 6.27221e-06
0.0721739, 5.84137e-06
0.0724591, 5.85298e-06
0.0727444, 6.48726e-06
0.0730297, 7.01663e-06
0.0733149, 7.05946e-06
0.0736002, 6.7676e-06
0.0738855, 6.47612e-06
0.0741708, 6.35969e-06
0.074456, 6.54262e-06
0.0747413, 6.77364e-06
0.0750266, 6.7741e-06
0.0753119, 6.67165e-06
0.0755971, 6.68356e-06
0.0758824, 6.61912e-06
0.0761677, 6.49235e-06
0.0764529, 6.14005e-06
0.0767382, 5.79681e-06
0.0770235, 6.0653e-06
0.0773088, 6.75124e-06
0.077594, 7.11086e-06
0.0778793, 7.00754e-06
0.0781646, 6.67593e-06
0.0784498, 6.44089e-06
0.0787351, 6.43517e-06
0.0790204, 6.68027e-06
0.0793057, 6.83089e-06
0.0795909, 6.7588e-06
0.0798762, 6.70253e-06
0.0801615, 6.70998e-06
0.0804468, 6.61447e-06
0.080732, 6.43553e-06
0.0810173, 6.01144e-06
0.0813026, 5.84743e-06
0.0815878, 6.34657e-06
0.0818731, 6.97861e-06
0.0821584, 7.14703e-06
0.0824437, 6.92662e-06
0.0827289, 6.60586e-06
0.0830142, 6.43073e-06
0.0832995, 6.52852e-06
0.0835847, 6.79057e-06
0.08387, 6.85231e-06
0.0841553, 6.74278e-06
0.0844406, 6.7396e-06
0.0847258, 6.71284e-06
0.0850111, 6.6081e-06
0.0852964, 6.33465e-06
0.0855816, 5.92484e-06
0.0858669, 6.00095e-06
0.0861522, 6.64677e-06
0.0864375, 7.13006e-06
0.0867227, 7.12906e-06
0.087008, 6.82362e-06
0.0872933, 6.54862e-06
0.0875786, 6.45339e-06
0.0878638, 6.65115e-06
0.0881491, 6.8599e-06
0.0884344, 6.84343e-06
0.0887196, 6.75537e-06
0.0890049, 6.77401e-06
0.0892902, 6.70197e-06
0.0895755, 6.57332e-06
0.0898607, 6.20434e-06
0.090146, 5.90453e-06
0.0904313, 6.22812e-06
0.0907165, 6.89841e-06
0.0910018, 7.20207e-06
0.0912871, 7.06493e-06
0.0915724, 6.73705e-06
0.0918576, 6.51407e-06
0.0921429, 6.53017e-06
0.0924282, 6.77697e-06
0.0927135, 6.90449e-06
0.0929987, 6.82587e-06
0.093284, 6.78559e-06
0.0935693, 6.79125e-06
0.0938545, 6.699e-06
0.0941398, 6.50402e-06
0.0944251, 6.08122e-06
0.0947104, 5.97398e-06
0.0949956, 6.51192e-06
0.0952809, 7.10284e-06
0.0955662, 7.22155e-06
0.0958514, 6.97589e-06
0.0961367, 6.66932e-06
0.096422, 6.51128e-06
0.0967073, 6.63541e-06
0.0969925, 6.88378e-06
0.0972778, 6.92482e-06
0.0975631, 6.81601e-06
0.0978484, 6.82424e-06
0.0981336, 6.78885e-06
0.0984189, 6.6843e-06
0.0987042, 6.38563e-06
0.0989894, 5.99971e-06
0.0992747, 6.13514e-06
0.09956, 6.78743e-06
0.0998453, 7.22253e-06
0.100131, 7.18492e-06
0.100416, 6.87863e-06
0.100701, 6.61777e-06
0.100986, 6.54774e-06
0.101272, 6.7602e-06
0.101557, 6.9467e-06
0.101842, 6.91239e-06
0.102127, 6.83722e-06
0.102413, 6.85421e-06
0.102698, 6.77305e-06
0.102983, 6.63442e-06
0.103269, 6.24617e-06
0.103554, 5.98818e-06
0.103839, 6.36387e-06
0.104124, 7.01802e-06
0.10441, 7.27135e-06
0.104695, 7.10843e-06
0.10498, 6.79173e-06
0.105265, 6.58672e-06
0.105551, 6.63001e-06
0.105836, 6.88116e-06
0.106121, 6.98486e-06
0.106407, 6.89501e-06
0.106692, 6.86832e-06
0.106977, 6.86174e-06
0.107262, 6.76495e-06
0.107548, 6.55329e-06
0.107833, 6.12347e-06
0.108118, 6.07274e-06
0.108403, 6.64659e-06
0.108689, 7.19417e-06
0.108974, 7.27299e-06
0.109259, 7.01204e-06
0.109545, 6.72425e-06
0.10983, 6.58749e-06
0.110115, 6.74103e-06
0.1104, 6.97582e-06
0.110686, 6.99455e-06
0.110971, 6.89258e-06
0.111256, 6.89979e-06
0.111541, 6.8497e-06
0.111827, 6.73915e-06
0.112112, 6.41611e-06
0.112397, 6.05487e-06
0.112683, 6.24946e-06
0.112968, 6.90592e-06
0.113253, 7.29493e-06
0.113538, 7.22463e-06
0.113824, 6.9193e-06
0.114109, 6.67338e-06
0.114394, 6.6337e-06
0.114679, 6.85687e-06
0.114965, 7.02281e-06
0.11525, 6.97148e-06
0.115535, 6.90752e-06
0.11582, 6.92055e-06
0.116106, 6.83131e-06
0.116391, 6.68009e-06
0.116676, 6.27842e-06
0.116962, 6.06623e-06
0.117247, 6.49123e-06
0.117532, 7.12476e-06
0.117817, 7.32953e-06
0.118103, 7.14302e-06
0.118388, 6.83363e-06
0.118673, 6.6459e-06
0.118958, 6.71467e-06
0.119244, 6.96648e-06
0.119529, 7.04748e-06
0.119814, 6.94985e-06
0.1201, 6.93645e-06
0.120385, 6.9198e-06
0.12067, 6.82113e-06
0.120955, 6.5807e-06
0.121241, 6.16574e-06
0.121526, 6.17437e-06
0.121811, 6.77708e-06
0.122096, 7.27992e-06
0.122382, 7.31824e-06
0.122667, 7.04296e-06
0.122952, 6.76769e-06
0.123238, 6.64941e-06
0.123523, 6.82441e-06
0.123808, 7.04235e-06
0.124093, 7.0435e-06
0.124379, 6.9501e-06
0.124664, 6.96326e-06
0.124949, 6.90276e-06
0.125234, 6.78318e-06
0.12552, 6.44271e-06
0.125805, 6.11392e-06
0.12609, 6.36655e-06
0.126376, 7.01919e-06
0.126661, 7.36045e-06
0.126946, 7.25681e-06
0.127231, 6.95297e-06
0.127517, 6.71918e-06
0.127802, 6.70686e-06
0.128087, 6.93759e-06
0.128372, 7.0824e-06
0.128658, 7.01714e-06
0.128943, 6.96868e-06
0.129228, 6.97756e-06
0.129514, 6.88777e-06
0.129799, 6.71594e-06
0.130084, 6.30525e-06
0.130369, 6.14402e-06
0.130655, 6.61622e-06
0.13094, 7.22077e-06
0.131225, 7.38131e-06
0.13151, 7.17532e-06
0.131796, 6.87339e-06
0.132081, 6.69906e-06
0.132366, 6.78826e-06
0.132652, 7.03844e-06
0.132937, 7.0992e-06
0.133222, 6.99731e-06
0.133507, 6.99695e-06
0.133793, 6.97075e-06
0.134078, 6.86964e-06
0.134363, 6.60341e-06
0.134648, 6.20446e-06
0.134934, 6.27069e-06
0.135219, 6.88743e-06
0.135504, 7.35313e-06
0.13579, 7.35319e-06
0.136075, 7.07382e-06
0.13636, 6.80692e-06
0.136645, 6.71177e-06
0.136931, 6.90034e-06
0.137216, 7.10115e-06
0.137501, 7.08668e-06
0.137786, 7.00361e-06
0.138072, 7.02039e-06
0.138357, 6.94838e-06
0.138642, 6.82157e-06
0.138928, 6.45946e-06
0.139213, 6.16454e-06
0.139498, 6.46946e-06
0.139783, 7.11481e-06
0.140069, 7.41049e-06
0.140354, 7.27998e-06
0.140639, 6.98025e-06
0.140924, 6.76197e-06
0.14121, 6.77592e-06
0.141495, 7.01367e-06
0.14178, 7.13667e-06
0.142066, 7.06171e-06
0.142351, 7.02322e-06
0.142636, 7.02595e-06
0.142921, 6.93305e-06
0.143207, 6.7404e-06
0.143492, 6.32653e-06
0.143777, 6.21544e-06
0.144062, 6.72916e-06
0.144348, 7.30202e-06
0.144633, 7.42056e-06
0.144918, 7.19537e-06
0.145204, 6.90422e-06
0.145489, 6.74889e-06
0.145774, 6.86716e-06
0.146059, 7.10741e-06
0.146345, 7.14744e-06
0.14663, 7.04303e-06
0.146915, 7.04949e-06
0.1472, 7.01257e-06
0.147486, 6.90863e-06
0.147771, 6.6169e-06
0.148056, 6.23761e-06
0.148342, 6.36012e-06
0.148627, 6.98792e-06
0.148912, 7.41207e-06
0.149197, 7.37897e-06
0.149483, 7.09899e-06
0.149768, 6.84313e-06
0.150053, 6.7724e-06
0.150338, 6.97605e-06
0.150624, 7.15709e-06
0.150909, 7.12549e-06
0.151194, 7.0528e-06
0.15148, 7.06857e-06
0.151765, 6.98816e-06
0.15205, 6.85293e-06
0.152335, 6.47506e-06
0.152621, 6.21868e-06
0.152906, 6.57293e-06
0.153191, 7.20873e-06
0.153476, 7.45624e-06
0.153762, 7.29962e-06
0.154047, 7.00521e-06
0.154332, 6.80259e-06
0.154618, 6.84048e-06
0.154903, 7.08266e-06
0.155188, 7.18481e-06
0.155473, 7.09989e-06
0.155759, 7.07507e-06
0.156044, 7.06814e-06
0.156329, 6.97383e-06
0.156614, 6.76704e-06
0.1569, 6.34755e-06
0.157185, 6.29113e-06
0.15747, 6.84095e-06
0.157756, 7.37411e-06
0.158041, 7.45374e-06
0.158326, 7.21182e-06
0.158611, 6.93103e-06
0.158897, 6.79162e-06
0.159182, 6.93577e-06
0.159467, 7.16399e-06
0.159752, 7.18539e-06
0.160038, 7.08806e-06
0.160323, 7.09705e-06
0.160608, 7.04925e-06
0.160894, 6.93966e-06
0.161179, 6.62614e-06
0.161464, 6.27166e-06
0.161749, 6.45109e-06
0.162035, 7.08443e-06
0.16232, 7.46534e-06
0.162605, 7.39952e-06
0.16289, 7.11654e-06
0.163176, 6.87184e-06
0.163461, 6.82807e-06
0.163746, 7.04237e-06
0.164031, 7.2054e-06
0.164317, 7.15872e-06
0.164602, 7.09833e-06
0.164887, 7.11116e-06
0.165173, 7.0246e-06
0.165458, 6.8771e-06
0.165743, 6.48401e-06
0.166028, 6.27099e-06
0.166314, 6.67555e-06
0.166599, 7.29251e-06
0.166884, 7.49705e-06
0.167169, 7.31754e-06
0.167455, 7.02829e-06
0.16774, 6.83881e-06
0.168025, 6.89977e-06
0.168311, 7.14399e-06
0.168596, 7.22589e-06
0.168881, 7.13397e-06
0.169166, 7.12202e-06
0.169452, 7.10636e-06
0.169737, 7.00928e-06
0.170022, 6.77417e-06
0.170307, 6.36593e-06
0.170593, 6.36434e-06
0.170878, 6.94389e-06
0.171163, 7.43909e-06
0.171449, 7.48043e-06
0.171734, 7.23184e-06
0.172019, 6.95632e-06
0.172304, 6.83501e-06
0.17259, 6.99588e-06
0.172875, 7.2103e-06
0.17316, 7.21634e-06
0.173445, 7.12762e-06
0.173731, 7.1418e-06
0.174016, 7.08233e-06
0.174301, 6.96589e-06
0.174587, 6.63221e-06
0.174872, 6.30287e-06
0.175157, 6.53537e-06
0.175442, 7.16842e-06
0.175728, 7.50784e-06
0.176013, 7.41251e-06
0.176298, 7.1301e-06
0.176583, 6.89869e-06
0.176869, 6.88171e-06
0.177154, 7.10501e-06
0.177439, 7.24849e-06
0.177725, 7.18757e-06
0.17801, 7.14078e-06
0.178295, 7.14888e-06
0.17858, 7.06027e-06
0.178866, 6.89165e-06
0.179151, 6.48997e-06
0.179436, 6.32314e-06
0.179721, 6.77431e-06
0.180007, 7.36789e-06
0.180292, 7.531e-06
0.180577, 7.33291e-06
0.180863, 7.04731e-06
0.181148, 6.87309e-06
0.181433, 6.95614e-06
0.181718, 7.20112e-06
0.182004, 7.26304e-06
0.182289, 7.16512e-06
0.182574, 7.16179e-06
0.182859, 7.13734e-06
0.183145, 7.03752e-06
0.18343, 6.77831e-06
0.183715, 6.38338e-06
0.184001, 6.43585e-06
0.184286, 7.03191e-06
0.184571, 7.49194e-06
0.184856, 7.49847e-06
0.185142, 7.24114e-06
0.185427, 6.97665e-06
0.185712, 6.87843e-06
0.185997, 7.05859e-06
0.186283, 7.25622e-06
0.186568, 7.24495e-06
0.186853, 7.16333e-06
0.187139, 7.18032e-06
0.187424, 7.11072e-06
0.187709, 6.98738e-06
0.187994, 6.6361e-06
0.18828, 6.33901e-06
0.188565, 6.62255e-06
0.18885, 7.25393e-06
0.189135, 7.5482e-06
0.189421, 7.4247e-06
0.189706, 7.14326e-06
0.189991, 6.92604e-06
0.190277, 6.93357e-06
0.190562, 7.16468e-06
0.190847, 7.28791e-06
0.191132, 7.2174e-06
0.191418, 7.17986e-06
0.191703, 7.18287e-06
0.191988, 7.09183e-06
0.192273, 6.90401e-06
0.192559, 6.49693e-06
0.192844, 6.37914e-06
0.193129, 6.87269e-06
0.193415, 7.43669e-06
0.1937, 7.55905e-06
0.193985, 7.34293e-06
0.19427, 7.06238e-06
0.194556, 6.90396e-06
0.194841, 7.01469e-06
0.195126, 7.2509e-06
0.195411, 7.29398e-06
0.195697, 7.19379e-06
0.195982, 7.19968e-06
0.196267, 7.16474e-06
0.196553, 7.06033e-06
0.196838, 6.77767e-06
0.197123, 6.40147e-06
0.197408, 6.50927e-06
0.197694, 7.11831e-06
0.197979, 7.53931e-06
0.198264, 7.51294e-06
0.198549, 7.25047e-06
0.198835, 6.99499e-06
0.19912, 6.92114e-06
0.199405, 7.11745e-06
0.199691, 7.29779e-06
0.199976, 7.27079e-06
0.200261, 7.19946e-06
0.200546, 7.21461e-06
0.200832, 7.13792e-06
0.201117, 7.00512e-06
0.201402, 6.63408e-06
0.201687, 6.37437e-06
0.201973, 6.70973e-06
0.202258, 7.3346e-06
0.202543, 7.58556e-06
0.202829, 7.43663e-06
0.203114, 7.1558e-06
0.203399, 6.9515e-06
0.203684, 6.98193e-06
0.20397, 7.21828e-06
0.204255, 7.3224e-06
0.20454, 7.24261e-06
0.204825, 7.2181e-06
0.205111, 7.21296e-06
0.205396, 7.11968e-06
0.205681, 6.91635e-06
0.205967, 6.50358e-06
0.206252, 6.43646e-06
0.206537, 6.9654e-06
0.206822, 7.49576e-06
0.207108, 7.5807e-06
0.207393, 7.35317e-06
0.207678, 7.07811e-06
0.207963, 6.93467e-06
0.208249, 7.06537e-06
0.208534, 7.29171e-06
0.208819, 7.31867e-06
0.209104, 7.22363e-06
0.20939, 7.23569e-06
0.209675, 7.18945e-06
0.20996, 7.08141e-06
0.210246, 6.77668e-06
0.210531, 6.42044e-06
0.210816, 6.57953e-06
0.211101, 7.19542e-06
0.211387, 7.57723e-06
0.211672, 7.52093e-06
0.211957, 7.25487e-06
0.212242, 7.01173e-06
0.212528, 6.96311e-06
0.212813, 7.17155e-06
0.213098, 7.33452e-06
0.213384, 7.29248e-06
0.213669, 7.2338e-06
0.213954, 7.24578e-06
0.214239, 7.16068e-06
0.214525, 7.01616e-06
0.21481, 6.63101e-06
0.215095, 6.41208e-06
0.21538, 6.79739e-06
0.215666, 7.40731e-06
0.215951, 7.61675e-06
0.216236, 7.44538e-06
0.216522, 7.16699e-06
0.216807, 6.97565e-06
0.217092, 7.02935e-06
0.217377, 7.26948e-06
0.217663, 7.35404e-06
0.217948, 7.26627e-06
0.218233, 7.25076e-06
0.218518, 7.23792e-06
0.218804, 7.14109e-06
0.219089, 6.91417e-06
0.219374, 6.50886e-06
0.21966, 6.49353e-06
0.219945, 7.05344e-06
0.22023, 7.54595e-06
0.220515, 7.59506e-06
0.220801, 7.35935e-06
0.221086, 7.08888e-06
0.221371, 6.96516e-06
0.221656, 7.11913e-06
0.221942, 7.33227e-06
0.222227, 7.34207e-06
0.222512, 7.2542e-06
0.222798, 7.26779e-06
0.223083, 7.21123e-06
0.223368, 7.09906e-06
0.223653, 6.77573e-06
0.223939, 6.4435e-06
0.224224, 6.65461e-06
0.224509, 7.277e-06
0.224794, 7.61726e-06
0.22508, 7.52974e-06
0.225365, 7.26256e-06
0.22565, 7.03163e-06
0.225936, 7.0076e-06
0.226221, 7.22506e-06
0.226506, 7.3695e-06
0.226791, 7.31306e-06
0.227077, 7.26701e-06
0.227362, 7.27543e-06
0.227647, 7.1884e-06
0.227932, 7.02422e-06
0.228218, 6.62831e-06
0.228503, 6.45418e-06
0.228788, 6.88602e-06
0.229074, 7.47381e-06
0.229359, 7.6434e-06
0.229644, 7.45244e-06
0.229929, 7.17667e-06
0.230215, 6.99821e-06
0.2305, 7.0735e-06
0.230785, 7.31252e-06
0.23107, 7.37925e-06
0.231356, 7.28704e-06
0.231641, 7.28326e-06
0.231926, 7.26122e-06
0.232212, 7.15961e-06
0.232497, 6.9095e-06
0.232782, 6.5163e-06
0.233067, 6.55288e-06
0.233353, 7.13095e-06
0.233638, 7.59081e-06
0.233923, 7.60644e-06
0.234208, 7.36291e-06
0.234494, 7.10017e-06
0.234779, 6.99854e-06
0.235064, 7.1714e-06
0.23535, 7.36999e-06
0.235635, 7.36344e-06
0.23592, 7.28279e-06
0.236205, 7.29895e-06
0.236491, 7.23187e-06
0.236776, 7.11161e-06
0.237061, 6.76777e-06
0.237346, 6.4663e-06
0.237632, 6.73128e-06
0.237917, 7.35333e-06
0.238202, 7.65363e-06
0.238488, 7.53899e-06
0.238773, 7.26757e-06
0.239058, 7.04823e-06
0.239343, 7.04751e-06
0.239629, 7.27355e-06
0.239914, 7.39969e-06
0.240199, 7.33352e-06
0.240484, 7.2968e-06
0.24077, 7.30134e-06
0.241055, 7.21138e-06
0.24134, 7.02937e-06
0.241626, 6.62715e-06
0.241911, 6.4979e-06
0.242196, 6.96994e-06
0.242481, 7.53076e-06
0.242767, 7.66187e-06
0.243052, 7.46038e-06
0.243337, 7.18695e-06
0.243622, 7.02364e-06
0.243908, 7.11892e-06
0.244193, 7.35371e-06
0.244478, 7.40244e-06
0.244764, 7.30725e-06
0.245049, 7.3131e-06
0.245334, 7.28119e-06
0.245619, 7.17914e-06
0.245905, 6.90629e-06
0.24619, 6.52731e-06
0.246475, 6.61339e-06
0.24676, 7.20579e-06
0.247046, 7.62862e-06
0.247331, 7.61279e-06
0.247616, 7.36509e-06
0.247902, 7.11094e-06
0.248187, 7.03183e-06
0.248472, 7.22183e-06
0.248757, 7.40391e-06
0.249043, 7.38145e-06
0.249328, 7.3116e-06
0.249613, 7.32589e-06
0.249898, 7.25082e-06
0.250184, 7.12135e-06
0.250469, 6.75821e-06
0.250754, 6.49287e-06
0.25104, 6.80907e-06
0.251325, 7.42525e-06
0.25161, 7.68434e-06
0.251895, 7.54418e-06
0.252181, 7.27379e-06
0.252466, 7.06635e-06
0.252751, 7.08854e-06
0.253036, 7.32116e-06
0.253322, 7.42849e-06
0.253607, 7.35361e-06
0.253892, 7.32289e-06
0.254177, 7.32161e-06
0.254463, 7.22721e-06
0.254748, 7.02894e-06
0.255033, 6.62283e-06
0.255319, 6.54225e-06
0.255604, 7.05181e-06
0.255889, 7.58108e-06
0.256174, 7.67492e-06
0.25646, 7.45923e-06
0.256745, 7.1887e-06
0.25703, 7.0433e-06
0.257315, 7.16613e-06
0.257601, 7.39145e-06
0.257886, 7.42259e-06
0.258171, 7.32675e-06
0.258457, 7.33976e-06
0.258742, 7.29698e-06
0.259027, 7.19251e-06
0.259312, 6.89753e-06
0.259598, 6.53822e-06
0.259883, 6.67661e-06
0.260168, 7.28317e-06
0.260453, 7.66764e-06
0.260739, 7.62039e-06
0.261024, 7.36896e-06
0.261309, 7.12454e-06
0.261595, 7.06762e-06
0.26188, 7.27008e-06
0.262165, 7.43441e-06
0.26245, 7.39712e-06
0.262736, 7.3388e-06
0.263021, 7.35157e-06
0.263306, 7.26845e-06
0.263591, 7.12913e-06
0.263877, 6.74963e-06
0.264162, 6.52277e-06
0.264447, 6.88738e-06
0.264733, 7.49203e-06
0.265018, 7.7101e-06
0.265303, 7.54694e-06
0.265588, 7.27746e-06
0.265874, 7.08164e-06
0.266159, 7.12748e-06
0.266444, 7.35856e-06
0.266729, 7.44905e-06
0.267015, 7.36767e-06
0.2673, 7.3515e-06
0.267585, 7.34175e-06
0.267871, 7.2455e-06
0.268156, 7.03038e-06
0.268441, 6.62448e-06
0.268726, 6.59028e-06
0.269012, 7.12983e-06
0.269297, 7.62283e-06
0.269582, 7.68361e-06
0.269867, 7.45904e-06
0.270153, 7.19629e-06
0.270438, 7.06921e-06
0.270723, 7.21406e-06
0.271009, 7.42743e-06
0.271294, 7.44162e-06
0.271579, 7.35592e-06
0.271864, 7.36795e-06
0.27215, 7.31415e-06
0.272435, 7.20471e-06
0.27272, 6.88701e-06
0.273005, 6.55281e-06
0.273291, 6.7451e-06
0.273576, 7.35716e-06
0.273861, 7.70634e-06
0.274147, 7.62911e-06
0.274432, 7.37189e-06
0.274717, 7.13795e-06
0.275002, 7.10454e-06
0.275288, 7.31701e-06
0.275573, 7.4646e-06
0.275858, 7.4135e-06
0.276143, 7.366e-06
0.276429, 7.37594e-06
0.276714, 7.28882e-06
0.276999, 7.13244e-06
0.277285, 6.74126e-06
0.27757, 6.55554e-06
0.277855, 6.9655e-06
0.27814, 7.54979e-06
0.278426, 7.72928e-06
0.278711, 7.54886e-06
0.278996, 7.28184e-06
0.279281, 7.09979e-06
0.279567, 7.16746e-06
0.279852, 7.40079e-06
0.280137, 7.4726e-06
0.280423, 7.38473e-06
0.280708, 7.37961e-06
0.280993, 7.3599e-06
0.281278, 7.2626e-06
0.281564, 7.02273e-06
0.281849, 6.62741e-06
0.282134, 6.64216e-06
0.282419, 7.20627e-06
0.282705, 7.66624e-06
0.28299, 7.69253e-06
0.283275, 7.46049e-06
0.283561, 7.20296e-06
0.283846, 7.09535e-06
0.284131, 7.26117e-06
0.284416, 7.4605e-06
0.284702, 7.45864e-06
0.284987, 7.37969e-06
0.285272, 7.39417e-06
0.285557, 7.33025e-06
0.285843, 7.21372e-06
0.286128, 6.87737e-06
0.286413, 6.57037e-06
0.286699, 6.81573e-06
0.286984, 7.42891e-06
0.287269, 7.73868e-06
0.287554, 7.6335e-06
0.28784, 7.37466e-06
0.288125, 7.15063e-06
0.28841, 7.13998e-06
0.288695, 7.35813e-06
0.288981, 7.4889e-06
0.289266, 7.42893e-06
0.289551, 7.38837e-06
0.289837, 7.39492e-06
0.290122, 7.30332e-06
0.290407, 7.12894e-06
0.290692, 6.73185e-06
0.290978, 6.58896e-06
0.291263, 7.04033e-06
0.291548, 7.59975e-06
0.291833, 7.7419e-06
0.292119, 7.55024e-06
0.292404, 7.28113e-06
0.292689, 7.11591e-06
0.292975, 7.20347e-06
0.29326, 7.43789e-06
0.293545, 7.4918e-06
0.29383, 7.3988e-06
0.294116, 7.40359e-06
0.294401, 7.37371e-06
0.294686, 7.27436e-06
0.294971, 7.01031e-06
0.295257, 6.63009e-06
0.295542, 6.69712e-06
0.295827, 7.27965e-06
0.296113, 7.70754e-06
0.296398, 7.70235e-06
0.296683, 7.46386e-06
0.296968, 7.21102e-06
0.297254, 7.12312e-06
0.297539, 7.30586e-06
0.297824, 7.48958e-06
0.298109, 7.47226e-06
0.298395, 7.40249e-06
0.29868, 7.41797e-06
0.298965, 7.34513e-06
0.299251, 7.22168e-06
0.299536, 6.86427e-06
0.299821, 6.58978e-06
0.300106, 6.88455e-06
0.300392, 7.49313e-06
0.300677, 7.76303e-06
0.300962, 7.63307e-06
0.301247, 7.37309e-06
0.301533, 7.16197e-06
0.301818, 7.17475e-06
0.302103, 7.39703e-06
0.302388, 7.50985e-06
0.302674, 7.44132e-06
0.302959, 7.41127e-06
0.303244, 7.41337e-06
0.30353, 7.32174e-06
0.303815, 7.13014e-06
0.3041, 6.73002e-06
0.304385, 6.62922e-06
0.304671, 7.11561e-06
0.304956, 7.64686e-06
0.305241, 7.75227e-06
0.305526, 7.54787e-06
0.305812, 7.28557e-06
0.306097, 7.13745e-06
0.306382, 7.25032e-06
0.306668, 7.4748e-06
0.306953, 7.51064e-06
0.307238, 7.41642e-06
0.307523, 7.4289e-06
0.307809, 7.38897e-06
0.308094, 7.28718e-06
0.308379, 6.99842e-06
0.308664, 6.63792e-06
0.30895, 6.75765e-06
0.309235, 7.3523e-06
0.30952, 7.74571e-06
0.309806, 7.70959e-06
0.310091, 7.4658e-06
0.310376, 7.21992e-06
0.310661, 7.15368e-06
0.310947, 7.34975e-06
0.311232, 7.51753e-06
0.311517, 7.48604e-06
0.311802, 7.42467e-06
0.312088, 7.43885e-06
0.312373, 7.35812e-06
0.312658, 7.22358e-06
0.312944, 6.85165e-06
0.313229, 6.61299e-06
0.313514, 6.95473e-06
0.313799, 7.55389e-06
0.314085, 7.78343e-06
0.31437, 7.63272e-06
0.314655, 7.37161e-06
0.31494, 7.17334e-06
0.315226, 7.20952e-06
0.315511, 7.43739e-06
0.315796, 7.53248e-06
0.316082, 7.45495e-06
0.316367, 7.43754e-06
0.316652, 7.42986e-06
0.316937, 7.33683e-06
0.317223, 7.13223e-06
0.317508, 6.72364e-06
0.317793, 6.67011e-06
0.318078, 7.19101e-06
0.318364, 7.69127e-06
0.318649, 7.76323e-06
0.318934, 7.54683e-06
0.31922, 7.28859e-06
0.319505, 7.15562e-06
0.31979, 7.29233e-06
0.320075, 7.5062e-06
0.320361, 7.5253e-06
0.320646, 7.44141e-06
0.320931, 7.45142e-06
0.321216, 7.40177e-06
0.321502, 7.29608e-06
0.321787, 6.98562e-06
0.322072, 6.64685e-06
0.322358, 6.81838e-06
0.322643, 7.41943e-06
0.322928, 7.77708e-06
0.323213, 7.71146e-06
0.323499, 7.46366e-06
0.323784, 7.22768e-06
0.324069, 7.18476e-06
0.324354, 7.38607e-06
0.32464, 7.53878e-06
0.324925, 7.4953e-06
0.32521, 7.44235e-06
0.325496, 7.4554e-06
0.325781, 7.36908e-06
0.326066, 7.22118e-06
0.326351, 6.83849e-06
0.326637, 6.6365e-06
0.326922, 7.02174e-06
0.327207, 7.60323e-06
0.327492, 7.79482e-06
0.327778, 7.62799e-06
0.328063, 7.36723e-06
0.328348, 7.18365e-06
0.328634, 7.2418e-06
0.328919, 7.47315e-06
0.329204, 7.54986e-06
0.329489, 7.46476e-06
0.329775, 7.45856e-06
0.33006, 7.44134e-06
0.330345, 7.34616e-06
0.33063, 7.11393e-06
0.330916, 6.71971e-06
0.331201, 6.71686e-06
0.331486, 7.26793e-06
0.331772, 7.73468e-06
0.332057, 7.77257e-06
0.332342, 7.54775e-06
0.332627, 7.29245e-06
0.332913, 7.17658e-06
0.333198, 7.33454e-06
0.333483, 7.53558e-06
0.333768, 7.53876e-06
0.334054, 7.45848e-06
0.334339, 7.4722e-06
0.334624, 7.41304e-06
0.33491, 7.29959e-06
0.335195, 6.97101e-06
0.33548, 6.65643e-06
0.335765, 6.87925e-06
0.336051, 7.48245e-06
0.336336, 7.80318e-06
0.336621, 7.70943e-06
0.336906, 7.45983e-06
0.337192, 7.23297e-06
0.337477, 7.2142e-06
0.337762, 7.42526e-06
0.338048, 7.56088e-06
0.338333, 7.50543e-06
0.338618, 7.46535e-06
0.338903, 7.47338e-06
0.339189, 7.38629e-06
0.339474, 7.21912e-06
0.339759, 6.82754e-06
0.340044, 6.66668e-06
0.34033, 7.09457e-06
0.340615, 7.6573e-06
0.3409, 7.81075e-06
0.341186, 7.62981e-06
0.341471, 7.36779e-06
0.341756, 7.1985e-06
0.342041, 7.27681e-06
0.342327, 7.50916e-06
0.342612, 7.56805e-06
0.342897, 7.47787e-06
0.343182, 7.48141e-06
0.343468, 7.45472e-06
0.343753, 7.35762e-06
0.344038, 7.1017e-06
0.344324, 6.72073e-06
0.344609, 6.76912e-06
0.344894, 7.33693e-06
0.345179, 7.77418e-06
0.345465, 7.77947e-06
0.34575, 7.54814e-06
0.346035, 7.29722e-06
0.34632, 7.20047e-06
0.346606, 7.37178e-06
0.346891, 7.55919e-06
0.347176, 7.54908e-06
0.347461, 7.47581e-06
0.347747, 7.4934e-06
0.348032, 7.42512e-06
0.348317, 7.30334e-06
0.348603, 6.95708e-06
0.348888, 6.67137e-06
0.349173, 6.94109e-06
0.349458, 7.54142e-06
0.349744, 7.82311e-06
0.350029, 7.70604e-06
0.350314, 7.45472e-06
0.350599, 7.24133e-06
0.350885, 7.24625e-06
0.35117, 7.46548e-06
0.351455, 7.58293e-06
0.351741, 7.51778e-06
0.352026, 7.48652e-06
0.352311, 7.48931e-06
0.352596, 7.40001e-06
0.352882, 7.21495e-06
0.353167, 6.81765e-06
0.353452, 6.70072e-06
0.353737, 7.16921e-06
0.354023, 7.7078e-06
0.354308, 7.82524e-06
0.354593, 7.6294e-06
0.354879, 7.36962e-06
0.355164, 7.2149e-06
0.355449, 7.31865e-06
0.355734, 7.54318e-06
0.35602, 7.58462e-06
0.356305, 7.49198e-06
0.35659, 7.50182e-06
0.356875, 7.46675e-06
0.357161, 7.36602e-06
0.357446, 7.08738e-06
0.357731, 6.72253e-06
0.358017, 6.82124e-06
0.358302, 7.40225e-06
0.358587, 7.80597e-06
0.358872, 7.78138e-06
0.359158, 7.54617e-06
0.359443, 7.3009e-06
0.359728, 7.22566e-06
0.360013, 7.41116e-06
0.360299, 7.58314e-06
0.360584, 7.55908e-06
0.360869, 7.49403e-06
0.361155, 7.5102e-06
0.36144, 7.43472e-06
0.361725, 7.30401e-06
0.36201, 6.94126e-06
0.362296, 6.68793e-06
0.362581, 7.00389e-06
0.362866, 7.60068e-06
0.363151, 7.8417e-06
0.363437, 7.70299e-06
0.363722, 7.45012e-06
0.364007, 7.25008e-06
0.364293, 7.27671e-06
0.364578, 7.50153e-06
0.364863, 7.60134e-06
0.365148, 7.52734e-06
0.365434, 7.50796e-06
0.365719, 7.50228e-06
0.366004, 7.41142e-06
0.366289, 7.21204e-06
0.366575, 6.81028e-06
0.36686, 6.74073e-06
0.367145, 7.24438e-06
0.367431, 7.7524e-06
0.367716, 7.83584e-06
0.368001, 7.62777e-06
0.368286, 7.37071e-06
0.368572, 7.22995e-06
0.368857, 7.35398e-06
0.369142, 7.56975e-06
0.369427, 7.59627e-06
0.369713, 7.50805e-06
0.369998, 7.52128e-06
0.370283, 7.4766e-06
0.370569, 7.37198e-06
0.370854, 7.07269e-06
0.371139, 6.72624e-06
0.371424, 6.87338e-06
0.37171, 7.46241e-06
0.371995, 7.8308e-06
0.37228, 7.77833e-06
0.372565, 7.53961e-06
0.372851, 7.30302e-06
0.373136, 7.25182e-06
0.373421, 7.44939e-06
0.373707, 7.60573e-06
0.373992, 7.56744e-06
0.374277, 7.51542e-06
0.374562, 7.52802e-06
0.374848, 7.44493e-06
0.375133, 7.30314e-06
0.375418, 6.92682e-06
0.375703, 6.71105e-06
0.375989, 7.07503e-06
0.376274, 7.65983e-06
0.376559, 7.86345e-06
0.376845, 7.70706e-06
0.37713, 7.45056e-06
0.377415, 7.26179e-06
0.3777, 7.30957e-06
0.377986, 7.53855e-06
0.378271, 7.62086e-06
0.378556, 7.53957e-06
0.378841, 7.52956e-06
0.379127, 7.51701e-06
0.379412, 7.42246e-06
0.379697, 7.19972e-06
0.379983, 6.80477e-06
0.380268, 6.78314e-06
0.380553, 7.31659e-06
0.380838, 7.79166e-06
0.381124, 7.84173e-06
0.381409, 7.62526e-06
0.381694, 7.37167e-06
0.381979, 7.2478e-06
0.382265, 7.3919e-06
0.38255, 7.59623e-06
0.382835, 7.60756e-06
0.383121, 7.52676e-06
0.383406, 7.542e-06
0.383691, 7.48702e-06
0.383976, 7.37731e-06
0.384262, 7.06037e-06
0.384547, 6.73535e-06
0.384832, 6.93092e-06
0.385117, 7.52564e-06
0.385403, 7.85665e-06
0.385688, 7.77589e-06
0.385973, 7.53522e-06
0.386259, 7.30904e-06
0.386544, 7.28163e-06
0.386829, 7.48838e-06
0.387114, 7.62829e-06
0.3874, 7.57681e-06
0.387685, 7.53607e-06
0.38797, 7.545e-06
0.388255, 7.45989e-06
0.388541, 7.30063e-06
0.388826, 6.91124e-06
0.389111, 6.7365e-06
0.389397, 7.14474e-06
0.389682, 7.71142e-06
0.389967, 7.87793e-06
0.390252, 7.70545e-06
0.390538, 7.44778e-06
0.390823, 7.27129e-06
0.391108, 7.34001e-06
0.391393, 7.56876e-06
0.391679, 7.63476e-06
0.391964, 7.54885e-06
0.392249, 7.54784e-06
0.392534, 7.52706e-06
0.39282, 7.42978e-06
0.393105, 7.18523e-06
0.39339, 6.80055e-06
0.393676, 6.82632e-06
0.393961, 7.37767e-06
0.394246, 7.82369e-06
0.394531, 7.84304e-06
0.394817, 7.61969e-06
0.395102, 7.3712e-06
0.395387, 7.26772e-06
0.395672, 7.43059e-06
0.395958, 7.62209e-06
0.396243, 7.61802e-06
0.396528, 7.54136e-06
0.396814, 7.55836e-06
0.397099, 7.49343e-06
0.397384, 7.37579e-06
0.397669, 7.03928e-06
0.397955, 6.74233e-06
0.39824, 6.98894e-06
0.398525, 7.58698e-06
0.39881, 7.88106e-06
0.399096, 7.77533e-06
0.399381, 7.53044e-06
0.399666, 7.31382e-06
0.399952, 7.30794e-06
0.400237, 7.52334e-06
0.400522, 7.64595e-06
0.400807, 7.58495e-06
0.401093, 7.55226e-06
0.401378, 7.55733e-06
0.401663, 7.46855e-06
0.401948, 7.29163e-06
0.402234, 6.89866e-06
0.402519, 6.76609e-06
0.402804, 7.21383e-06
0.40309, 7.75649e-06
0.403375, 7.88763e-06
0.40366, 7.70165e-06
0.403945, 7.44409e-06
0.404231, 7.28183e-06
0.404516, 7.36989e-06
0.404801, 7.59622e-06
0.405086, 7.64593e-06
0.405372, 7.5572e-06
0.405657, 7.5647e-06
0.405942, 7.53419e-06
0.406228, 7.43553e-06
0.406513, 7.17043e-06
0.406798, 6.79872e-06
0.407083, 6.87102e-06
0.407369, 7.43923e-06
0.407654, 7.85057e-06
0.407939, 7.83984e-06
0.408224, 7.61239e-06
0.40851, 7.37093e-06
0.408795, 7.28834e-06
0.40908, 7.46762e-06
0.409366, 7.64371e-06
0.409651, 7.6246e-06
0.409936, 7.56035e-06
0.410221, 7.57598e-06
0.410507, 7.50321e-06
0.410792, 7.37715e-06
0.411077, 7.02236e-06
0.411362, 6.75855e-06
0.411648, 7.05403e-06
0.411933, 7.64847e-06
0.412218, 7.90428e-06
0.412504, 7.77632e-06
0.412789, 7.52717e-06
0.413074, 7.32114e-06
0.413359, 7.33733e-06
0.413645, 7.55763e-06
0.41393, 7.66388e-06
0.414215, 7.59534e-06
0.4145, 7.56979e-06
0.414786, 7.57008e-06
0.415071, 7.47788e-06
0.415356, 7.2844e-06
0.415642, 6.88833e-06
0.415927, 6.79923e-06
0.416212, 7.28249e-06
0.416497, 7.79683e-06
0.416783, 7.89387e-06
0.417068, 7.6954e-06
0.417353, 7.44125e-06
0.417638, 7.29534e-06
0.417924, 7.40824e-06
0.418209, 7.62581e-06
0.418494, 7.65894e-06
0.41878, 7.56931e-06
0.419065, 7.58417e-06
0.41935, 7.54309e-06
0.419635, 7.44133e-06
0.419921, 7.1531e-06
0.420206, 6.80026e-06
0.420491, 6.92273e-06
0.420776, 7.50486e-06
0.421062, 7.88263e-06
0.421347, 7.84261e-06
0.421632, 7.60957e-06
0.421918, 7.37469e-06
0.422203, 7.31346e-06
0.422488, 7.50611e-06
0.422773, 7.66634e-06
0.423059, 7.63357e-06
0.423344, 7.57929e-06
0.423629, 7.5928e-06
0.423914, 7.51261e-06
0.4242, 7.37707e-06
0.424485, 7.00461e-06
0.42477, 6.77597e-06
0.425056, 7.11709e-06
0.425341, 7.70237e-06
0.425626, 7.92007e-06
0.425911, 7.77439e-06
0.426197, 7.52242e-06
0.426482, 7.32681e-06
0.426767, 7.36506e-06
0.427052, 7.58681e-06
0.427338, 7.67707e-06
0.427623, 7.6017e-06
0.427908, 7.58775e-06
0.428194, 7.5797e-06
0.428479, 7.48704e-06
0.428764, 7.28e-06
0.429049, 6.88103e-06
0.429335, 6.8353e-06
0.42962, 7.34803e-06
0.429905, 7.8308e-06
0.43019, 7.89568e-06
0.430476, 7.68733e-06
0.430761, 7.43836e-06
0.431046, 7.30987e-06
0.431332, 7.44578e-06
0.431617, 7.65308e-06
0.431902, 7.66986e-06
0.432187, 7.58786e-06
0.432473, 7.59977e-06
0.432758, 7.54861e-06
0.433043, 7.44222e-06
0.433328, 7.13213e-06
0.433614, 6.80237e-06
0.433899, 6.97675e-06
0.434184, 7.5663e-06
0.43447, 7.9109e-06
0.434755, 7.84204e-06
0.43504, 7.60503e-06
0.435325, 7.3758e-06
0.435611, 7.3369e-06
0.435896, 7.53742e-06
0.436181, 7.68334e-06
0.436466, 7.63869e-06
0.436752, 7.59372e-06
0.437037, 7.6055e-06
0.437322, 7.51905e-06
0.437608, 7.36864e-06
0.437893, 6.98775e-06
0.438178, 6.79657e-06
0.438463, 7.18132e-06
0.438749, 7.74865e-06
0.439034, 7.93061e-06
0.439319, 7.76832e-06
0.439604, 7.51557e-06
0.43989, 7.33424e-06
0.440175, 7.39312e-06
0.44046, 7.61833e-06
0.440745, 7.69137e-06
0.441031, 7.60922e-06
0.441316, 7.60606e-06
0.441601, 7.5881e-06
0.441887, 7.4934e-06
0.442172, 7.26113e-06
0.442457, 6.87316e-06
0.442742, 6.87477e-06
0.443028, 7.41571e-06
0.443313, 7.86656e-06
0.443598, 7.89942e-06
0.443883, 7.68301e-06
0.444169, 7.4379e-06
0.444454, 7.32653e-06
0.444739, 7.48213e-06
0.445025, 7.67654e-06
0.44531, 7.6782e-06
0.445595, 7.60385e-06
0.44588, 7.61881e-06
0.446166, 7.55837e-06
0.446451, 7.44475e-06
0.446736, 7.1172e-06
0.447021, 6.81153e-06
0.447307, 7.03568e-06
0.447592, 7.62691e-06
0.447877, 7.93512e-06
0.448163, 7.84164e-06
0.448448, 7.60036e-06
0.448733, 7.38039e-06
0.449018, 7.3636e-06
0.449304, 7.56972e-06
0.449589, 7.70018e-06
0.449874, 7.6458e-06
0.450159, 7.60957e-06
0.450445, 7.61838e-06
0.45073, 7.53135e-06
0.451015, 7.36351e-06
0.451301, 6.97611e-06
0.451586, 6.823e-06
0.451871, 7.24616e-06
0.452156, 7.79204e-06
0.452442, 7.93842e-06
0.452727, 7.76424e-06
0.453012, 7.51108e-06
0.453297, 7.34556e-06
0.453583, 7.42392e-06
0.453868, 7.65038e-06
0.454153, 7.70593e-06
0.454439, 7.61859e-06
0.454724, 7.6247e-06
0.455009, 7.59736e-06
0.455294, 7.50059e-06
0.45558, 7.24376e-06
0.455865, 6.87026e-06
0.45615, 6.92204e-06
0.456435, 7.48024e-06
0.456721, 7.90335e-06
0.457006, 7.90516e-06
0.457291, 7.68195e-06
0.457577, 7.44019e-06
0.457862, 7.34736e-06
0.458147, 7.5179e-06
0.458432, 7.6989e-06
0.458718, 7.68716e-06
0.459003, 7.61932e-06
0.459288, 7.63668e-06
0.459573, 7.56611e-06
0.459859, 7.44547e-06
0.460144, 7.0961e-06
0.460429, 6.81954e-06
0.460715, 7.09076e-06
0.461, 7.67979e-06
0.461285, 7.95128e-06
0.46157, 7.83606e-06
0.461856, 7.59221e-06
0.462141, 7.38272e-06
0.462426, 7.38871e-06
0.462711, 7.60262e-06
0.462997, 7.716e-06
0.463282, 7.65342e-06
0.463567, 7.62568e-06
0.463853, 7.6283e-06
0.464138, 7.53953e-06
0.464423, 7.35378e-06
0.464708, 6.96296e-06
0.464994, 6.8516e-06
0.465279, 7.31267e-06
0.465564, 7.83552e-06
0.465849, 7.9467e-06
0.466135, 7.75732e-06
0.46642, 7.50782e-06
0.466705, 7.35729e-06
0.466991, 7.46034e-06
0.467276, 7.67875e-06
0.467561, 7.71763e-06
0.467846, 7.62814e-06
0.468132, 7.63765e-06
0.468417, 7.60124e-06
0.468702, 7.50126e-06
0.468987, 7.22244e-06
0.469273, 6.86564e-06
0.469558, 6.96703e-06
0.469843, 7.53813e-06
0.470129, 7.92953e-06
0.470414, 7.90202e-06
0.470699, 7.67398e-06
0.470984, 7.43669e-06
0.47127, 7.36423e-06
0.471555, 7.54701e-06
0.47184, 7.71371e-06
0.472125, 7.68913e-06
0.472411, 7.62984e-06
0.472696, 7.64623e-06
0.472981, 7.57093e-06
0.473267, 7.44067e-06
0.473552, 7.07951e-06
0.473837, 6.83394e-06
0.474122, 7.14823e-06
0.474408, 7.73081e-06
0.474693, 7.96393e-06
0.474978, 7.82999e-06
0.475263, 7.58488e-06
0.475549, 7.38794e-06
0.475834, 7.41557e-06
0.476119, 7.63542e-06
0.476405, 7.73134e-06
0.47669, 7.65969e-06
0.476975, 7.64332e-06
0.47726, 7.63702e-06
0.477546, 7.54617e-06
0.477831, 7.34653e-06
0.478116, 6.94984e-06
0.478401, 6.88486e-06
0.478687, 7.38121e-06
0.478972, 7.87571e-06
0.479257, 7.95411e-06
0.479543, 7.75159e-06
0.479828, 7.50386e-06
0.480113, 7.36716e-06
0.480398, 7.4915e-06
0.480684, 7.70161e-06
0.480969, 7.72573e-06
0.481254, 7.64313e-06
0.481539, 7.65593e-06
0.481825, 7.61035e-06
0.48211, 7.50561e-06
0.482395, 7.20576e-06
0.482681, 6.86753e-06
0.482966, 7.01708e-06
0.483251, 7.59629e-06
0.483536, 7.95406e-06
0.483822, 7.90012e-06
0.484107, 7.66735e-06
0.484392, 7.43789e-06
0.484677, 7.38841e-06
0.484963, 7.58112e-06
0.485248, 7.73311e-06
0.485533, 7.69557e-06
0.485818, 7.64724e-06
0.486104, 7.66063e-06
0.486389, 7.57781e-06
0.486674, 7.43568e-06
0.48696, 7.06274e-06
0.487245, 6.85268e-06
0.48753, 7.21164e-06
0.487815, 7.78221e-06
0.488101, 7.97861e-06
0.488386, 7.82715e-06
0.488671, 7.58065e-06
0.488956, 7.39548e-06
0.489242, 7.44393e-06
0.489527, 7.6677e-06
0.489812, 7.74664e-06
0.490098, 7.66702e-06
0.490383, 7.66049e-06
0.490668, 7.64643e-06
0.490953, 7.55302e-06
0.491239, 7.3295e-06
0.491524, 6.9421e-06
0.491809, 6.92431e-06
0.492094, 7.44958e-06
0.49238, 7.91235e-06
0.492665, 7.95875e-06
0.49295, 7.74829e-06
0.493236, 7.50212e-06
0.493521, 7.38111e-06
0.493806, 7.52395e-06
0.494091, 7.72316e-06
0.494377, 7.73337e-06
0.494662, 7.65618e-06
0.494947, 7.67224e-06
0.495232, 7.61722e-06
0.495518, 7.50809e-06
0.495803, 7.1888e-06
0.496088, 6.87075e-06
0.496374, 7.06716e-06
0.496659, 7.65077e-06
0.496944, 7.97346e-06
0.497229, 7.89416e-06
0.497515, 7.65889e-06
0.4978, 7.43849e-06
0.498085, 7.41266e-06
0.49837, 7.61555e-06
0.498656, 7.75123e-06
0.498941, 7.70102e-06
0.499226, 7.66312e-06
0.499512, 7.67207e-06
0.499797, 7.5874e-06
0.500082, 7.42689e-06
0.500367, 7.04472e-06
0.500653, 6.8754e-06
0.500938, 7.27837e-06
0.501223, 7.83244e-06
0.501508, 7.99285e-06
0.501794, 7.82597e-06
0.502079, 7.576e-06
0.502364, 7.40341e-06
0.50265, 7.47172e-06
0.502935, 7.69599e-06
0.50322, 7.75909e-06
0.503505, 7.67496e-06
0.503791, 7.67433e-06
0.504076, 7.65268e-06
0.504361, 7.55637e-06
0.504646, 7.31049e-06
0.504932, 6.93249e-06
0.505217, 6.9614e-06
0.505502, 7.50454e-06
0.505788, 7.9402e-06
0.506073, 7.95624e-06
0.506358, 7.73878e-06
0.506643, 7.49755e-06
0.506929, 7.39583e-06
0.507214, 7.55587e-06
0.507499, 7.7421e-06
0.507784, 7.73784e-06
0.50807, 7.66751e-06
0.508355, 7.68572e-06
0.50864, 7.62089e-06
0.508926, 7.50392e-06
0.509211, 7.16908e-06
0.509496, 6.87814e-06
0.509781, 7.12181e-06
0.510067, 7.70754e-06
0.510352, 7.99309e-06
0.510637, 7.89088e-06
0.510922, 7.65289e-06
0.511208, 7.44158e-06
0.511493, 7.43707e-06
0.511778, 7.64792e-06
0.512064, 7.76683e-06
0.512349, 7.70753e-06
0.512634, 7.67777e-06
0.512919, 7.68238e-06
0.513205, 7.59449e-06
0.51349, 7.41719e-06
0.513775, 7.02966e-06
0.51406, 6.90156e-06
0.514346, 7.34327e-06
0.514631, 7.87467e-06
0.514916, 8.0007e-06
0.515202, 7.82057e-06
0.515487, 7.57085e-06
0.515772, 7.41081e-06
0.516057, 7.49991e-06
0.516343, 7.72072e-06
0.516628, 7.76806e-06
0.516913, 7.68171e-06
0.517198, 7.69071e-06
0.517484, 7.65986e-06
0.517769, 7.56217e-06
0.518054, 7.29618e-06
0.51834, 6.93105e-06
0.518625, 7.00551e-06
0.51891, 7.56384e-06
0.519195, 7.96663e-06
0.519481, 7.95402e-06
0.519766, 7.73258e-06
0.520051, 7.49706e-06
0.520336, 7.41632e-06
0.520622, 7.59259e-06
0.520907, 7.76437e-06
0.521192, 7.74522e-06
0.521478, 7.68411e-06
0.521763, 7.69998e-06
0.522048, 7.62766e-06
0.522333, 7.5017e-06
0.522619, 7.14981e-06
0.522904, 6.89134e-06
0.523189, 7.18295e-06
0.523474, 7.76622e-06
0.52376, 8.0152e-06
0.524045, 7.89134e-06
0.52433, 7.64961e-06
0.524616, 7.44825e-06
0.524901, 7.46444e-06
0.525186, 7.68132e-06
0.525471, 7.78399e-06
0.525757, 7.71621e-06
0.526042, 7.69407e-06
0.526327, 7.69376e-06
0.526612, 7.60333e-06
0.526898, 7.40999e-06
0.527183, 7.01787e-06
0.527468, 6.93251e-06
0.527754, 7.40895e-06
0.528039, 7.91296e-06
0.528324, 8.00596e-06
0.528609, 7.81184e-06
0.528895, 7.56456e-06
0.52918, 7.42107e-06
0.529465, 7.53262e-06
0.52975, 7.74545e-06
0.530036, 7.77751e-06
0.530321, 7.69123e-06
0.530606, 7.70699e-06
0.530891, 7.66575e-06
0.531177, 7.565e-06
0.531462, 7.27504e-06
0.531747, 6.92714e-06
0.532033, 7.04881e-06
0.532318, 7.62018e-06
0.532603, 7.98954e-06
0.532888, 7.94996e-06
0.533174, 7.72253e-06
0.533459, 7.49472e-06
0.533744, 7.43556e-06
0.534029, 7.62465e-06
0.534315, 7.78115e-06
0.5346, 7.74877e-06
0.534885, 7.69773e-06
0.535171, 7.71127e-06
0.535456, 7.63127e-06
0.535741, 7.49524e-06
0.536026, 7.12948e-06
0.536312, 6.90632e-06
0.536597, 7.24333e-06
0.536882, 7.81777e-06
0.537167, 8.02947e-06
0.537453, 7.88793e-06
0.537738, 7.64216e-06
0.538023, 7.44995e-06
0.538309, 7.48797e-06
0.538594, 7.70762e-06
0.538879, 7.79524e-06
0.539164, 7.72144e-06
0.53945, 7.70537e-06
0.539735, 7.69698e-06
0.54002, 7.60527e-06
0.540305, 7.39671e-06
0.540591, 7.00352e-06
0.540876, 6.96068e-06
0.541161, 7.46649e-06
0.541447, 7.94e-06
0.541732, 8.00214e-06
0.542017, 7.79966e-06
0.542302, 7.55665e-06
0.542588, 7.42965e-06
0.542873, 7.56348e-06
0.543158, 7.7663e-06
0.543443, 7.78212e-06
0.543729, 7.70499e-06
0.544014, 7.7179e-06
0.544299, 7.6668e-06
0.544585, 7.56101e-06
0.54487, 7.2534e-06
0.545155, 6.92819e-06
0.54544, 7.10043e-06
0.545726, 7.67988e-06
0.546011, 8.01702e-06
0.546296, 7.9499e-06
0.546581, 7.71749e-06
0.546867, 7.49547e-06
0.547152, 7.45778e-06
0.547437, 7.65513e-06
0.547723, 7.79733e-06
0.548008, 7.75296e-06
0.548293, 7.71083e-06
0.548578, 7.72231e-06
0.548864, 7.63818e-06
0.549149, 7.48713e-06
0.549434, 7.10963e-06
0.549719, 6.92252e-06
0.550005, 7.30203e-06
0.55029, 7.85944e-06
0.550575, 8.03691e-06
0.550861, 7.87981e-06
0.551146, 7.63274e-06
0.551431, 7.45322e-06
0.551716, 7.51122e-06
0.552002, 7.7318e-06
0.552287, 7.80332e-06
0.552572, 7.72371e-06
0.552857, 7.72226e-06
0.553143, 7.70454e-06
0.553428, 7.61073e-06
0.553713, 7.37938e-06
0.553999, 6.99601e-06
0.554284, 6.99813e-06
0.554569, 7.52922e-06
0.554854, 7.97175e-06
0.55514, 8.0031e-06
0.555425, 7.79258e-06
0.55571, 7.55539e-06
0.555995, 7.44551e-06
0.556281, 7.59828e-06
0.556566, 7.78849e-06
0.556851, 7.78976e-06
0.557137, 7.71841e-06
0.557422, 7.73393e-06
0.557707, 7.67364e-06
0.557992, 7.56028e-06
0.558278, 7.23544e-06
0.558563, 6.93494e-06
0.558848, 7.1565e-06
0.559133, 7.73801e-06
0.559419, 8.04001e-06
0.559704, 7.94934e-06
0.559989, 7.71202e-06
0.560275, 7.49658e-06
0.56056, 7.48037e-06
0.560845, 7.68511e-06
0.56113, 7.81268e-06
0.561416, 7.75928e-06
0.561701, 7.72519e-06
0.561986, 7.7334e-06
0.562271, 7.64702e-06
0.562557, 7.47943e-06
0.562842, 7.09547e-06
0.563127, 6.94595e-06
0.563413, 7.36349e-06
0.563698, 7.90033e-06
0.563983, 8.04321e-06
0.564268, 7.87351e-06
0.564554, 7.62762e-06
0.564839, 7.46336e-06
0.565124, 7.54024e-06
0.565409, 7.76229e-06
0.565695, 7.81623e-06
0.56598, 7.73154e-06
0.566265, 7.73825e-06
0.566551, 7.71101e-06
0.566836, 7.61517e-06
0.567121, 7.35756e-06
0.567406, 6.98843e-06
0.567692, 7.03971e-06
0.567977, 7.58895e-06
0.568262, 8.00431e-06
0.568547, 8.00541e-06
0.568833, 7.78723e-06
0.569118, 7.55203e-06
0.569403, 7.46135e-06
0.569689, 7.62983e-06
0.569974, 7.80729e-06
0.570259, 7.79526e-06
0.570544, 7.73024e-06
0.57083, 7.7473e-06
0.571115, 7.67792e-06
0.5714, 7.55796e-06
0.571685, 7.21427e-06
0.571971, 6.94234e-06
0.572256, 7.20971e-06
0.572541, 7.78912e-06
0.572827, 8.05539e-06
0.573112, 7.94414e-06
0.573397, 7.70498e-06
0.573682, 7.4989e-06
0.573968, 7.50428e-06
0.574253, 7.71407e-06
0.574538, 7.82532e-06
0.574823, 7.7644e-06
0.575109, 7.73583e-06
0.575394, 7.7388e-06
0.575679, 7.65081e-06
0.575965, 7.46603e-06
0.57625, 7.0787e-06
0.576535, 6.96889e-06
0.57682, 7.42247e-06
0.577106, 7.93567e-06
0.577391, 8.04498e-06
0.577676, 7.86142e-06
0.577961, 7.6185e-06
0.578247, 7.46887e-06
0.578532, 7.57029e-06
0.578817, 7.78472e-06
0.579102, 7.82291e-06
0.579388, 7.73599e-06
0.579673, 7.74994e-06
0.579958, 7.71339e-06
0.580244, 7.61428e-06
0.580529, 7.33651e-06
0.580814, 6.98507e-06
0.581099, 7.08528e-06
0.581385, 7.64737e-06
0.58167, 8.03176e-06
0.581955, 8.0052e-06
0.58224, 7.78062e-06
0.582526, 7.54854e-06
0.582811, 7.47745e-06
0.583096, 7.65881e-06
0.583382, 7.8226e-06
0.583667, 7.79847e-06
0.583952, 7.74169e-06
0.584237, 7.75779e-06
0.584523, 7.68254e-06
0.584808, 7.55278e-06
0.585093, 7.19506e-06
0.585378, 6.95327e-06
0.585664, 7.263e-06
0.585949, 7.83661e-06
0.586234, 8.06554e-06
0.58652, 7.93639e-06
0.586805, 7.69644e-06
0.58709, 7.50259e-06
0.587375, 7.52903e-06
0.587661, 7.74467e-06
0.587946, 7.83859e-06
0.588231, 7.76857e-06
0.588516, 7.75345e-06
0.588802, 7.74755e-06
0.589087, 7.65786e-06
0.589372, 7.45998e-06
0.589658, 7.06746e-06
0.589943, 7.00311e-06
0.590228, 7.49108e-06
0.590513, 7.9775e-06
0.590799, 8.05421e-06
0.591084, 7.85755e-06
0.591369, 7.61538e-06
0.591654, 7.48063e-06
0.59194, 7.60348e-06
0.592225, 7.80979e-06
0.59251, 7.83323e-06
0.592796, 7.75322e-06
0.593081, 7.76594e-06
0.593366, 7.72045e-06
0.593651, 7.61724e-06
0.593937, 7.31954e-06
0.594222, 6.98574e-06
0.594507, 7.13286e-06
0.594792, 7.70294e-06
0.595078, 8.05512e-06
0.595363, 8.00307e-06
0.595648, 7.77412e-06
0.595934, 7.55051e-06
0.596219, 7.50105e-06
0.596504, 7.68986e-06
0.596789, 7.83926e-06
0.597075, 7.80284e-06
0.59736, 7.75671e-06
0.597645, 7.77055e-06
0.59793, 7.68854e-06
0.598216, 7.54742e-06
0.598501, 7.17805e-06
0.598786, 6.9704e-06
0.599072, 7.32297e-06
0.599357, 7.88345e-06
0.599642, 8.07724e-06
0.599927, 7.93148e-06
0.600213, 7.69018e-06
0.600498, 7.50739e-06
0.600783, 7.55454e-06
0.601068, 7.77422e-06
0.601354, 7.8521e-06
0.601639, 7.77484e-06
0.601924, 7.77009e-06
0.60221, 7.75586e-06
0.602495, 7.66329e-06
0.60278, 7.44066e-06
0.603065, 7.05417e-06
0.603351, 7.03615e-06
0.603636, 7.5535e-06
0.603921, 8.00958e-06
0.604206, 8.05529e-06
0.604492, 7.84884e-06
0.604777, 7.60836e-06
0.605062, 7.48893e-06
0.605348, 7.63091e-06
0.605633, 7.82695e-06
0.605918, 7.83696e-06
0.606203, 7.76167e-06
0.606489, 7.77795e-06
0.606774, 7.72329e-06
0.607059, 7.61509e-06
0.607344, 7.30106e-06
0.60763, 6.98718e-06
0.607915, 7.18009e-06
0.6082, 7.75472e-06
0.608486, 8.07259e-06
0.608771, 7.9965e-06
0.609056, 7.76534e-06
0.609341, 7.5495e-06
0.609627, 7.52317e-06
0.609912, 7.72228e-06
0.610197, 7.85562e-06
0.610482, 7.80666e-06
0.610768, 7.76586e-06
0.611053, 7.77529e-06
0.611338, 7.69168e-06
0.611624, 7.5323e-06
0.611909, 7.15412e-06
0.612194, 6.98619e-06
0.612479, 7.38212e-06
0.612765, 7.92791e-06
0.61305, 8.08608e-06
0.613335, 7.9235e-06
0.61362, 7.67917e-06
0.613906, 7.50827e-06
0.614191, 7.57535e-06
0.614476, 7.79691e-06
0.614762, 7.85908e-06
0.615047, 7.77647e-06
0.615332, 7.77929e-06
0.615617, 7.75752e-06
0.615903, 7.66182e-06
0.616188, 7.41802e-06
0.616473, 7.04471e-06
0.616758, 7.07232e-06
0.617044, 7.60676e-06
0.617329, 8.03642e-06
0.617614, 8.05254e-06
0.6179, 7.83958e-06
0.618185, 7.60404e-06
0.61847, 7.50277e-06
0.618755, 7.65992e-06
0.619041, 7.84301e-06
0.619326, 7.83937e-06
0.619611, 7.77116e-06
0.619896, 7.78978e-06
0.620182, 7.7261e-06
0.620467, 7.60997e-06
0.620752, 7.27833e-06
0.621038, 6.99033e-06
0.621323, 7.22897e-06
0.621608, 7.80514e-06
0.621893, 8.08708e-06
0.622179, 7.98935e-06
0.622464, 7.75513e-06
0.622749, 7.54785e-06
0.623034, 7.5427e-06
0.62332, 7.74985e-06
0.623605, 7.86729e-06
0.62389, 7.80962e-06
0.624175, 7.78127e-06
0.624461, 7.78607e-06
0.624746, 7.69934e-06
0.625031, 7.52279e-06
0.625317, 7.1396e-06
0.625602, 7.0122e-06
0.625887, 7.44652e-06
0.626172, 7.97047e-06
0.626458, 8.09522e-06
0.626743, 7.91847e-06
0.627028, 7.67425e-06
0.627313, 7.51587e-06
0.627599, 7.60339e-06
0.627884, 7.82106e-06
0.628169, 7.86815e-06
0.628455, 7.78379e-06
0.62874, 7.79347e-06
0.629025, 7.7629e-06
0.62931, 7.66615e-06
0.629596, 7.4027e-06
0.629881, 7.04164e-06
0.630166, 7.11344e-06
0.630451, 7.66291e-06
0.630737, 8.06055e-06
0.631022, 8.04964e-06
0.631307, 7.83194e-06
0.631593, 7.60194e-06
0.631878, 7.52141e-06
0.632163, 7.69453e-06
0.632448, 7.86371e-06
0.632734, 7.84531e-06
0.633019, 7.7858e-06
0.633304, 7.80189e-06
0.633589, 7.73072e-06
0.633875, 7.60599e-06
0.63416, 7.25791e-06
0.634445, 7.00197e-06
0.634731, 7.28767e-06
0.635016, 7.86219e-06
0.635301, 8.10839e-06
0.635586, 7.98903e-06
0.635872, 7.75116e-06
0.636157, 7.55255e-06
0.636442, 7.56787e-06
0.636727, 7.78003e-06
0.637013, 7.88219e-06
0.637298, 7.81667e-06
0.637583, 7.79621e-06
0.637869, 7.79581e-06
0.638154, 7.70606e-06
0.638439, 7.51459e-06
0.638724, 7.12377e-06
0.63901, 7.03775e-06
0.639295, 7.50611e-06
0.63958, 8.0038e-06
0.639865, 8.09681e-06
0.640151, 7.90734e-06
0.640436, 7.66658e-06
0.640721, 7.52342e-06
0.641007, 7.63238e-06
0.641292, 7.84174e-06
0.641577, 7.87394e-06
0.641862, 7.78984e-06
0.642148, 7.80623e-06
0.642433, 7.76602e-06
0.642718, 7.66629e-06
0.643003, 7.38223e-06
0.643289, 7.03804e-06
0.643574, 7.15601e-06
0.643859, 7.71777e-06
0.644145, 8.08272e-06
0.64443, 8.04602e-06
0.644715, 7.82315e-06
0.645, 7.59903e-06
0.645286, 7.53971e-06
0.645571, 7.72525e-06
0.645856, 7.87987e-06
0.646141, 7.84895e-06
0.646427, 7.79609e-06
0.646712, 7.8099e-06
0.646997, 7.73127e-06
0.647283, 7.59654e-06
0.647568, 7.23409e-06
0.647853, 7.01207e-06
0.648138, 7.34232e-06
0.648424, 7.90878e-06
0.648709, 8.1188e-06
0.648994, 7.98137e-06
0.649279, 7.7405e-06
0.649565, 7.55062e-06
0.64985, 7.5871e-06
0.650135, 7.80313e-06
0.650421, 7.88978e-06
0.650706, 7.81777e-06
0.650991, 7.80679e-06
0.651276, 7.79862e-06
0.651562, 7.70797e-06
0.651847, 7.50176e-06
0.652132, 7.11265e-06
0.652417, 7.06817e-06
0.652703, 7.56531e-06
0.652988, 8.03345e-06
0.653273, 8.09552e-06
0.653559, 7.8972e-06
0.653844, 7.65949e-06
0.654129, 7.53316e-06
0.654414, 7.6643e-06
0.6547, 7.86426e-06
0.654985, 7.88049e-06
0.65527, 7.80512e-06
0.655555, 7.81831e-06
0.655841, 7.76813e-06
0.656126, 7.66344e-06
0.656411, 7.35909e-06
0.656697, 7.03693e-06
0.656982, 7.20455e-06
0.657267, 7.77515e-06
0.657552, 8.10906e-06
0.657838, 8.04531e-06
0.658123, 7.81686e-06
0.658408, 7.5985e-06
0.658693, 7.56005e-06
0.658979, 7.75333e-06
0.659264, 7.89424e-06
0.659549, 7.85166e-06
0.659835, 7.81113e-06
0.66012, 7.82256e-06
0.660405, 7.73887e-06
0.66069, 7.58964e-06
0.660976, 7.21659e-06
0.661261, 7.03002e-06
0.661546, 7.40198e-06
0.661831, 7.95199e-06
0.662117, 8.12851e-06
0.662402, 7.97504e-06
0.662687, 7.73351e-06
0.662973, 7.55607e-06
0.663258, 7.61207e-06
0.663543, 7.82952e-06
0.663828, 7.9006e-06
0.664114, 7.82254e-06
0.664399, 7.82173e-06
0.664684, 7.80478e-06
0.664969, 7.71212e-06
0.665255, 7.48325e-06
0.66554, 7.10377e-06
0.665825, 7.10342e-06
0.666111, 7.62478e-06
0.666396, 8.06271e-06
0.666681, 8.09544e-06
0.666966, 7.89017e-06
0.667252, 7.65678e-06
0.667537, 7.54727e-06
0.667822, 7.69672e-06
0.668107, 7.88452e-06
0.668393, 7.88693e-06
0.668678, 7.81693e-06
0.668963, 7.83266e-06
0.669248, 7.77403e-06
0.669534, 7.66226e-06
0.669819, 7.34078e-06
0.670104, 7.04244e-06
0.67039, 7.25783e-06
0.670675, 7.83075e-06
0.67096, 8.13027e-06
0.671245, 8.04384e-06
0.671531, 7.8099e-06
0.671816, 7.59872e-06
0.672101, 7.5814e-06
0.672386, 7.78248e-06
0.672672, 7.90862e-06
0.672957, 7.85698e-06
0.673242, 7.82401e-06
0.673528, 7.83247e-06
0.673813, 7.74765e-06
0.674098, 7.58185e-06
0.674383, 7.19794e-06
0.674669, 7.04771e-06
0.674954, 7.45742e-06
0.675239, 7.98841e-06
0.675524, 8.13096e-06
0.67581, 7.96476e-06
0.676095, 7.72324e-06
0.67638, 7.56045e-06
0.676666, 7.63572e-06
0.676951, 7.85503e-06
0.677236, 7.90931e-06
0.677521, 7.82638e-06
0.677807, 7.8335e-06
0.678092, 7.80699e-06
0.678377, 7.71228e-06
0.678662, 7.46019e-06
0.678948, 7.09471e-06
0.679233, 7.14268e-06
0.679518, 7.68303e-06
0.679804, 8.09465e-06
0.680089, 8.09802e-06
0.680374, 7.88472e-06
0.680659, 7.65335e-06
0.680945, 7.56212e-06
0.68123, 7.72652e-06
0.681515, 7.90201e-06
0.6818, 7.89146e-06
0.682086, 7.82308e-06
0.682371, 7.84039e-06
0.682656, 7.7722e-06
0.682942, 7.65309e-06
0.683227, 7.31334e-06
0.683512, 7.04279e-06
0.683797, 7.30368e-06
0.684083, 7.8753e-06
0.684368, 8.14008e-06
0.684653, 8.03289e-06
0.684938, 7.79721e-06
0.685224, 7.59429e-06
0.685509, 7.59796e-06
0.685794, 7.80473e-06
0.68608, 7.91525e-06
0.686365, 7.85575e-06
0.68665, 7.83089e-06
0.686935, 7.83423e-06
0.687221, 7.74733e-06
0.687506, 7.56468e-06
0.687791, 7.18138e-06
0.688076, 7.07032e-06
0.688362, 7.51554e-06
0.688647, 8.02308e-06
0.688932, 8.13288e-06
0.689218, 7.95375e-06
0.689503, 7.71563e-06
0.689788, 7.56632e-06
0.690073, 7.66511e-06
0.690359, 7.8767e-06
0.690644, 7.91536e-06
0.690929, 7.82974e-06
0.691214, 7.84396e-06
0.6915, 7.80894e-06
0.691785, 7.71102e-06
0.69207, 7.43675e-06
0.692356, 7.08783e-06
0.692641, 7.18325e-06
0.692926, 7.73646e-06
0.693211, 8.11774e-06
0.693497, 8.09417e-06
0.693782, 7.87368e-06
0.694067, 7.6463e-06
0.694352, 7.57421e-06
0.694638, 7.75118e-06
0.694923, 7.91318e-06
0.695208, 7.89073e-06
0.695494, 7.83557e-06
0.695779, 7.85222e-06
0.696064, 7.77815e-06
0.696349, 7.64949e-06
0.696635, 7.29615e-06
0.69692, 7.05481e-06
0.697205, 7.35711e-06
0.69749, 7.92379e-06
0.697776, 8.15163e-06
0.698061, 8.02606e-06
0.698346, 7.78983e-06
0.698632, 7.59842e-06
0.698917, 7.62328e-06
0.699202, 7.8359e-06
0.699487, 7.92971e-06
0.699773, 7.86141e-06
0.700058, 7.84696e-06
0.700343, 7.84145e-06
0.700628, 7.75284e-06
0.700914, 7.5568e-06
0.701199, 7.16824e-06
0.701484, 7.10172e-06
0.70177, 7.58117e-06
0.702055, 8.06323e-06
0.70234, 8.14107e-06
0.702625, 7.94886e-06
0.702911, 7.71057e-06
0.703196, 7.57557e-06
0.703481, 7.69425e-06
0.703766, 7.89853e-06
0.704052, 7.92364e-06
0.704337, 7.84524e-06
0.704622, 7.85914e-06
0.704908, 7.81484e-06
0.705193, 7.71241e-06
0.705478, 7.41837e-06
0.705763, 7.08677e-06
0.706049, 7.22817e-06
0.706334, 7.78979e-06
0.706619, 8.13976e-06
0.706904, 8.09155e-06
0.70719, 7.86603e-06
0.707475, 7.64525e-06
0.70776, 7.59478e-06
0.708046, 7.78125e-06
0.708331, 7.92951e-06
0.708616, 7.89459e-06
0.708901, 7.8493e-06
0.709187, 7.86323e-06
0.709472, 7.78239e-06
0.709757, 7.64316e-06
0.710042, 7.27475e-06
0.710328, 7.06708e-06
0.710613, 7.41222e-06
0.710898, 7.96679e-06
0.711184, 8.16045e-06
0.711469, 8.01811e-06
0.711754, 7.78079e-06
0.712039, 7.60003e-06
0.712325, 7.64528e-06
0.71261, 7.86218e-06
0.712895, 7.94016e-06
0.71318, 7.86409e-06
0.713466, 7.85939e-06
0.713751, 7.84639e-06
0.714036, 7.75502e-06
0.714322, 7.53602e-06
0.714607, 7.15684e-06
0.714892, 7.1354e-06
0.715177, 7.64321e-06
0.715463, 8.09501e-06
0.715748, 8.14247e-06
0.716033, 7.94078e-06
0.716318, 7.70517e-06
0.716604, 7.58522e-06
0.716889, 7.72305e-06
0.717174, 7.91693e-06
0.717459, 7.9282e-06
0.717745, 7.85139e-06
0.71803, 7.86813e-06
0.718315, 7.81455e-06
0.718601, 7.70738e-06
0.718886, 7.39731e-06
0.719171, 7.0849e-06
0.719456, 7.27115e-06
0.719742, 7.83817e-06
0.720027, 8.15409e-06
0.720312, 8.08222e-06
0.720597, 7.85388e-06
0.720883, 7.64142e-06
0.721168, 7.61345e-06
0.721453, 7.80933e-06
0.721739, 7.94207e-06
0.722024, 7.89488e-06
0.722309, 7.85929e-06
0.722594, 7.86883e-06
0.72288, 7.78624e-06
0.723165, 7.62883e-06
0.72345, 7.25454e-06
0.723735, 7.0856e-06
0.724021, 7.47334e-06
0.724306, 8.01349e-06
0.724591, 8.17253e-06
0.724877, 8.0141e-06
0.725162, 7.77264e-06
0.725447, 7.60274e-06
0.725732, 7.66737e-06
0.726018, 7.88501e-06
0.726303, 7.94844e-06
0.726588, 7.8685e-06
0.726873, 7.87151e-06
0.727159, 7.8508e-06
0.727444, 7.75602e-06
0.727729, 7.51573e-06
0.728015, 7.14524e-06
0.7283, 7.16829e-06
0.728585, 7.69369e-06
0.72887, 8.1203e-06
0.729156, 8.13967e-06
0.729441, 7.93044e-06
0.729726, 7.69822e-06
0.730011, 7.59629e-06
0.730297, 7.75049e-06
0.730582, 7.93252e-06
0.730867, 7.9302e-06
0.731153, 7.86325e-06
0.731438, 7.88158e-06
0.731723, 7.81898e-06
0.732008, 7.70455e-06
0.732294, 7.37711e-06
0.732579, 7.09046e-06
0.732864, 7.32233e-06
0.733149, 7.89148e-06
0.733435, 8.17276e-06
0.73372, 8.07779e-06
0.734005, 7.84656e-06
0.734291, 7.64279e-06
0.734576, 7.63606e-06
0.734861, 7.84039e-06
0.735146, 7.95743e-06
0.735432, 7.90065e-06
0.735717, 7.87269e-06
0.736002, 7.87793e-06
0.736287, 7.7922e-06
0.736573, 7.61908e-06
0.736858, 7.24013e-06
0.737143, 7.1107e-06
0.737429, 7.53583e-06
0.737714, 8.0545e-06
0.737999, 8.18047e-06
0.738284, 8.00784e-06
0.73857, 7.76805e-06
0.738855, 7.61016e-06
0.73914, 7.69416e-06
0.739425, 7.90945e-06
0.739711, 7.95753e-06
0.739996, 7.87535e-06
0.740281, 7.88518e-06
0.740567, 7.8557e-06
0.740852, 7.7598e-06
0.741137, 7.50064e-06
0.741422, 7.14208e-06
0.741708, 7.20837e-06
0.741993, 7.74937e-06
0.742278, 8.14403e-06
0.742563, 8.13637e-06
0.742849, 7.92262e-06
0.743134, 7.69639e-06
0.743419, 7.61469e-06
0.743705, 7.78439e-06
0.74399, 7.95242e-06
0.744275, 7.93577e-06
0.74456, 7.87797e-06
0.744846, 7.89411e-06
0.745131, 7.82392e-06
0.745416, 7.70068e-06
0.745701, 7.35174e-06
0.745987, 7.09574e-06
0.746272, 7.37434e-06
0.746557, 7.94252e-06
0.746843, 8.18929e-06
0.747128, 8.07354e-06
0.747413, 7.8378e-06
0.747698, 7.64138e-06
0.747984, 7.65455e-06
0.748269, 7.86362e-06
0.748554, 7.96658e-06
0.748839, 7.90383e-06
0.749125, 7.88329e-06
0.74941, 7.88357e-06
0.749695, 7.79467e-06
0.749981, 7.606e-06
0.750266, 7.22263e-06
0.750551, 7.1336e-06
0.750836, 7.5927e-06
0.751122, 8.08614e-06
0.751407, 8.18107e-06
0.751692, 7.99629e-06
0.751977, 7.76026e-06
0.752263, 7.61646e-06
0.752548, 7.72224e-06
0.752833, 7.92999e-06
0.753119, 7.96312e-06
0.753404, 7.87524e-06
0.753689, 7.89147e-06
0.753974, 7.85212e-06
0.75426, 7.75341e-06
0.754545, 7.47356e-06
0.75483, 7.13153e-06
0.755115, 7.24404e-06
0.755401, 7.79912e-06
0.755686, 8.16232e-06
0.755971, 8.12854e-06
0.756257, 7.90831e-06
0.756542, 7.68744e-06
0.756827, 7.62654e-06
0.757112, 7.8095e-06
0.757398, 7.96334e-06
0.757683, 7.93399e-06
0.757968, 7.88423e-06
0.758253, 7.89809e-06
0.758539, 7.82048e-06
0.758824, 7.6879e-06
0.759109, 7.33029e-06
0.759395, 7.10759e-06
0.75968, 7.42938e-06
0.759965, 7.98952e-06
0.76025, 8.20024e-06
0.760536, 8.06628e-06
0.760821, 7.82879e-06
0.761106, 7.64082e-06
0.761391, 7.675e-06
0.761677, 7.88771e-06
0.761962, 7.97505e-06
0.762247, 7.90495e-06
0.762532, 7.89404e-06
0.762818, 7.88668e-06
0.763103, 7.79696e-06
0.763388, 7.59506e-06
0.763674, 7.20891e-06
0.763959, 7.16017e-06
0.764244, 7.64766e-06
0.764529, 8.11202e-06
0.764815, 8.17669e-06
0.7651, 7.98402e-06
0.765385, 7.7502e-06
0.76567, 7.62333e-06
0.765956, 7.75046e-06
0.766241, 7.94859e-06
0.766526, 7.96643e-06
0.766812, 7.89358e-06
0.767097, 7.90651e-06
0.767382, 7.85762e-06
0.767667, 7.75319e-06
0.767953, 7.4524e-06
0.768238, 7.13189e-06
0.768523, 7.29319e-06
0.768808, 7.85624e-06
0.769094, 8.18978e-06
0.769379, 8.12971e-06
0.769664, 7.90365e-06
0.76995, 7.68709e-06
0.770235, 7.64653e-06
0.77052, 7.83655e-06
0.770805, 7.97775e-06
0.771091, 7.93776e-06
0.771376, 7.89736e-06
0.771661, 7.90931e-06
0.771946, 7.82677e-06
0.772232, 7.68006e-06
0.772517, 7.31166e-06
0.772802, 7.12311e-06
0.773088, 7.4859e-06
0.773373, 8.03041e-06
0.773658, 8.20858e-06
0.773943, 8.05945e-06
0.774229, 7.8222e-06
0.774514, 7.64584e-06
0.774799, 7.69895e-06
0.775084, 7.91411e-06
0.77537, 7.98575e-06
0.775655, 7.90973e-06
0.77594, 7.9084e-06
0.776226, 7.89166e-06
0.776511, 7.7996e-06
0.776796, 7.57435e-06
0.777081, 7.19905e-06
0.777367, 7.19469e-06
0.777652, 7.7092e-06
0.777937, 8.14446e-06
0.778222, 8.17978e-06
0.778508, 7.977e-06
0.778793, 7.7457e-06
0.779078, 7.63546e-06
0.779364, 7.78243e-06
0.779649, 7.96938e-06
0.779934, 7.97344e-06
0.780219, 7.90404e-06
0.780505, 7.91945e-06
0.78079, 7.86184e-06
0.781075, 7.75157e-06
0.78136, 7.43143e-06
0.781646, 7.1337e-06
0.781931, 7.34167e-06
0.782216, 7.90737e-06
0.782502, 8.20679e-06
0.782787, 8.12409e-06
0.783072, 7.89436e-06
0.783357, 7.68613e-06
0.783643, 7.6662e-06
0.783928, 7.86272e-06
0.784213, 7.98907e-06
0.784498, 7.93942e-06
0.784784, 7.90683e-06
0.785069, 7.91566e-06
0.785354, 7.83254e-06
0.78564, 7.66971e-06
0.785925, 7.29544e-06
0.78621, 7.14202e-06
0.786495, 7.5412e-06
0.786781, 8.0667e-06
0.787066, 8.21095e-06
0.787351, 8.05022e-06
0.787636, 7.81312e-06
0.787922, 7.65112e-06
0.788207, 7.72312e-06
0.788492, 7.93974e-06
0.788778, 7.99512e-06
0.789063, 7.91417e-06
0.789348, 7.91827e-06
0.789633, 7.89263e-06
0.789919, 7.79768e-06
0.790204, 7.54908e-06
0.790489, 7.18648e-06
0.790774, 7.22919e-06
0.79106, 7.76108e-06
0.791345, 8.17182e-06
0.79163, 8.17807e-06
0.791916, 7.96749e-06
0.792201, 7.73806e-06
0.792486, 7.64519e-06
0.792771, 7.80623e-06
0.793057, 7.9815e-06
0.793342, 7.9733e-06
0.793627, 7.91012e-06
0.793912, 7.92802e-06
0.794198, 7.8614e-06
0.794483, 7.74366e-06
0.794768, 7.40912e-06
0.795054, 7.13789e-06
0.795339, 7.38962e-06
0.795624, 7.95393e-06
0.795909, 8.21974e-06
0.796195, 8.11653e-06
0.79648, 7.88413e-06
0.796765, 7.68434e-06
0.79705, 7.68594e-06
0.797336, 7.89006e-06
0.797621, 8.00057e-06
0.797906, 7.94266e-06
0.798192, 7.91771e-06
0.798477, 7.92098e-06
0.798762, 7.83488e-06
0.799047, 7.65501e-06
0.799333, 7.27708e-06
0.799618, 7.16341e-06
0.799903, 7.59983e-06
0.800188, 8.10532e-06
0.800474, 8.21654e-06
0.800759, 8.04226e-06
0.801044, 7.80515e-06
0.80133, 7.65581e-06
0.801615, 7.75198e-06
0.8019, 7.96208e-06
0.802185, 8.00218e-06
0.802471, 7.91796e-06
0.802756, 7.93107e-06
0.803041, 7.89764e-06
0.803326, 7.80081e-06
0.803612, 7.53154e-06
0.803897, 7.18402e-06
0.804182, 7.27243e-06
0.804468, 7.8167e-06
0.804753, 8.19724e-06
0.805038, 8.17721e-06
0.805323, 7.96038e-06
0.805609, 7.7374e-06
0.805894, 7.66349e-06
0.806179, 7.83542e-06
0.806464, 7.99684e-06
0.80675, 7.97633e-06
0.807035, 7.92152e-06
0.80732, 7.9386e-06
0.807606, 7.86646e-06
0.807891, 7.74004e-06
0.808176, 7.39276e-06
0.808461, 7.14943e-06
0.808747, 7.44138e-06
0.809032, 8.00092e-06
0.809317, 8.23017e-06
0.809602, 8.10973e-06
0.809888, 7.87742e-06
0.810173, 7.68749e-06
0.810458, 7.7098e-06
0.810743, 7.91956e-06
0.811029, 8.01435e-06
0.811314, 7.94839e-06
0.811599, 7.93439e-06
0.811885, 7.92932e-06
0.81217, 7.84063e-06
0.812455, 7.64735e-06
0.81274, 7.2638e-06
0.813026, 7.19336e-06
0.813311, 7.66349e-06
0.813596, 8.14338e-06
0.813881, 8.22363e-06
0.814167, 8.03542e-06
0.814452, 7.80083e-06
0.814737, 7.66426e-06
0.815023, 7.77926e-06
0.815308, 7.98196e-06
0.815593, 8.00862e-06
0.815878, 7.93006e-06
0.816164, 7.94497e-06
0.816449, 7.90269e-06
0.816734, 7.80164e-06
0.817019, 7.50828e-06
0.817305, 7.17707e-06
0.81759, 7.31007e-06
0.817875, 7.8646e-06
0.818161, 8.21415e-06
0.818446, 8.16953e-06
0.818731, 7.94712e-06
0.819016, 7.72998e-06
0.819302, 7.67804e-06
0.819587, 7.86196e-06
0.819872, 8.00993e-06
0.820157, 7.97661e-06
0.820443, 7.93164e-06
0.820728, 7.94524e-06
0.821013, 7.86552e-06
0.821299, 7.72833e-06
0.821584, 7.36862e-06
0.821869, 7.16001e-06
0.822154, 7.49664e-06
0.82244, 8.04762e-06
0.822725, 8.24236e-06
0.82301, 8.10434e-06
0.823295, 7.86898e-06
0.823581, 7.68842e-06
0.823866, 7.73088e-06
0.824151, 7.94576e-06
0.824437, 8.02499e-06
0.824722, 7.95095e-06
0.825007, 7.93892e-06
0.825292, 7.92746e-06
0.825578, 7.83692e-06
0.825863, 7.62193e-06
0.826148, 7.24484e-06
0.826433, 7.21785e-06
0.826719, 7.71647e-06
0.827004, 8.16688e-06
0.827289, 8.21767e-06
0.827575, 8.01945e-06
0.82786, 7.78782e-06
0.828145, 7.66675e-06
0.82843, 7.79965e-06
0.828716, 7.9926e-06
0.829001, 8.00577e-06
0.829286, 7.93303e-06
0.829571, 7.9498e-06
0.829857, 7.89785e-06
0.830142, 7.79263e-06
0.830427, 7.48789e-06
0.830713, 7.17548e-06
0.830998, 7.35231e-06
0.831283, 7.91127e-06
0.831568, 8.2279e-06
0.831854, 8.1605e-06
0.832139, 7.93618e-06
0.832424, 7.72527e-06
0.832709, 7.69535e-06
0.832995, 7.88834e-06
0.83328, 8.02167e-06
0.833565, 7.97677e-06
0.833851, 7.94158e-06
0.834136, 7.95101e-06
0.834421, 7.86804e-06
0.834706, 7.71465e-06
0.834992, 7.34557e-06
0.835277, 7.17404e-06
0.835562, 7.5522e-06
0.835847, 8.08826e-06
0.836133, 8.24953e-06
0.836418, 8.09681e-06
0.836703, 7.85995e-06
0.836989, 7.68892e-06
0.837274, 7.7494e-06
0.837559, 7.96412e-06
0.837844, 8.02855e-06
0.83813, 7.95105e-06
0.838415, 7.95318e-06
0.8387, 7.93448e-06
0.838985, 7.841e-06
0.839271, 7.60637e-06
0.839556, 7.23729e-06
0.839841, 7.25227e-06
0.840127, 7.76896e-06
0.840412, 8.19317e-06
0.840697, 8.21612e-06
0.840982, 8.01035e-06
0.841268, 7.78209e-06
0.841553, 7.67962e-06
0.841838, 7.83112e-06
0.842123, 8.0123e-06
0.842409, 8.01104e-06
0.842694, 7.94473e-06
0.842979, 7.96175e-06
0.843265, 7.9006e-06
0.84355, 7.78766e-06
0.843835, 7.46628e-06
0.84412, 7.1798e-06
0.844406, 7.40357e-06
0.844691, 7.9669e-06
0.844976, 8.24978e-06
0.845261, 8.15939e-06
0.845547, 7.93014e-06
0.845832, 7.72662e-06
0.846117, 7.71712e-06
0.846403, 7.9178e-06
0.846688, 8.03639e-06
0.846973, 7.98214e-06
0.847258, 7.95412e-06
0.847544, 7.96001e-06
0.847829, 7.8749e-06
0.848114, 7.70473e-06
0.848399, 7.3294e-06
0.848685, 7.19581e-06
0.84897, 7.61091e-06
0.849255, 8.12642e-06
0.849541, 8.25581e-06
0.849826, 8.08754e-06
0.850111, 7.85124e-06
0.850396, 7.69377e-06
0.850682, 7.77239e-06
0.850967, 7.98602e-06
0.851252, 8.03592e-06
0.851537, 7.95523e-06
0.851823, 7.96499e-06
0.852108, 7.93669e-06
0.852393, 7.84254e-06
0.852679, 7.58523e-06
0.852964, 7.22765e-06
0.853249, 7.28579e-06
0.853534, 7.81782e-06
0.85382, 8.21241e-06
0.854105, 8.20937e-06
0.85439, 7.99976e-06
0.854675, 7.77537e-06
0.854961, 7.6924e-06
0.855246, 7.85902e-06
0.855531, 8.02721e-06
0.855816, 8.01282e-06
0.856102, 7.95508e-06
0.856387, 7.97095e-06
0.856672, 7.90187e-06
0.856958, 7.78083e-06
0.857243, 7.44275e-06
0.857528, 7.18615e-06
0.857813, 7.45563e-06
0.858099, 8.01735e-06
0.858384, 8.26547e-06
0.858669, 8.1559e-06
0.858954, 7.92346e-06
0.85924, 7.72838e-06
0.859525, 7.73752e-06
0.85981, 7.94316e-06
0.860096, 8.0465e-06
0.860381, 7.98615e-06
0.860666, 7.96093e-06
0.860951, 7.9631e-06
0.861237, 7.87558e-06
0.861522, 7.69001e-06
0.861807, 7.31099e-06
0.862092, 7.21527e-06
0.862378, 7.6631e-06
0.862663, 8.15438e-06
0.862948, 8.25254e-06
0.863234, 8.07165e-06
0.863519, 7.83817e-06
0.863804, 7.69577e-06
0.864089, 7.79874e-06
0.864375, 8.00539e-06
0.86466, 8.03937e-06
0.864945, 7.9568e-06
0.86523, 7.97211e-06
0.865516, 7.93431e-06
0.865801, 7.83714e-06
0.866086, 7.56191e-06
0.866372, 7.22248e-06
0.866657, 7.32776e-06
0.866942, 7.87467e-06
0.867227, 8.23908e-06
0.867513, 8.20952e-06
0.867798, 7.99234e-06
0.868083, 7.77403e-06
0.868368, 7.70989e-06
0.868654, 7.8883e-06
0.868939, 8.04265e-06
0.869224, 8.01565e-06
0.86951, 7.96574e-06
0.869795, 7.9801e-06
0.87008, 7.90405e-06
0.870365, 7.77315e-06
0.870651, 7.4206e-06
0.870936, 7.19515e-06
0.871221, 7.50653e-06
0.871506, 8.06132e-06
0.871792, 8.27499e-06
0.872077, 8.14535e-06
0.872362, 7.91218e-06
0.872648, 7.72583e-06
0.872933, 7.75615e-06
0.873218, 7.96489e-06
0.873503, 8.05385e-06
0.873789, 7.98595e-06
0.874074, 7.97491e-06
0.874359, 7.9681e-06
0.874644, 7.88025e-06
0.87493, 7.68372e-06
0.875215, 7.29941e-06
0.8755, 7.24373e-06
0.875786, 7.72091e-06
0.876071, 8.18433e-06
0.876356, 8.25328e-06
0.876641, 8.06403e-06
0.876927, 7.83272e-06
0.877212, 7.70533e-06
0.877497, 7.82909e-06
0.877782, 8.0265e-06
0.878068, 8.04636e-06
0.878353, 7.97368e-06
0.878638, 7.98586e-06
0.878924, 7.93889e-06
0.879209, 7.83686e-06
0.879494, 7.54182e-06
0.879779, 7.2222e-06
0.880065, 7.37481e-06
0.88035, 7.92968e-06
0.880635, 8.26398e-06
0.88092, 8.21039e-06
0.881206, 7.98704e-06
0.881491, 7.77335e-06
0.881776, 7.72903e-06
0.882062, 7.91542e-06
0.882347, 8.05646e-06
0.882632, 8.0188e-06
0.882917, 7.97782e-06
0.883203, 7.99077e-06
0.883488, 7.90966e-06
0.883773, 7.76671e-06
0.884058, 7.40348e-06
0.884344, 7.2103e-06
0.884629, 7.56125e-06
0.884914, 8.10235e-06
0.8852, 8.28265e-06
0.885485, 8.1377e-06
0.88577, 7.90342e-06
0.886055, 7.72918e-06
0.886341, 7.77993e-06
0.886626, 7.99331e-06
0.886911, 8.06575e-06
0.887196, 7.99059e-06
0.887482, 7.9881e-06
0.887767, 7.97251e-06
0.888052, 7.88239e-06
0.888338, 7.66127e-06
0.888623, 7.28346e-06
0.888908, 7.27294e-06
0.889193, 7.7786e-06
0.889479, 8.21466e-06
0.889764, 8.25388e-06
0.890049, 8.05467e-06
0.890334, 7.82702e-06
0.89062, 7.71403e-06
0.890905, 7.85576e-06
0.89119, 8.04264e-06
0.891476, 8.04904e-06
0.891761, 7.97959e-06
0.892046, 7.9953e-06
0.892331, 7.93996e-06
0.892617, 7.83113e-06
0.892902, 7.51967e-06
0.893187, 7.22091e-06
0.893472, 7.41896e-06
0.893758, 7.97723e-06
0.894043, 8.27928e-06
0.894328, 8.2011e-06
0.894614, 7.97487e-06
0.894899, 7.76763e-06
0.895184, 7.74548e-06
0.895469, 7.93884e-06
0.895755, 8.06651e-06
0.89604, 8.01874e-06
0.896325, 7.98036e-06
0.89661, 7.98946e-06
0.896896, 7.90769e-06
0.897181, 7.74818e-06
0.897466, 7.37715e-06
0.897752, 7.21897e-06
0.898037, 7.60826e-06
0.898322, 8.13231e-06
0.898607, 8.2804e-06
0.898893, 8.12327e-06
0.899178, 7.88777e-06
0.899463, 7.72555e-06
0.899748, 7.79412e-06
0.900034, 8.00938e-06
0.900319, 8.06673e-06
0.900604, 7.98657e-06
0.900889, 7.99296e-06
0.901175, 7.96946e-06
0.90146, 7.87663e-06
0.901745, 7.63341e-06
0.902031, 7.2724e-06
0.902316, 7.30752e-06
0.902601, 7.83013e-06
0.902886, 8.24138e-06
0.903172, 8.25296e-06
0.903457, 8.04622e-06
0.903742, 7.8201e-06
0.904027, 7.72378e-06
0.904313, 7.87975e-06
0.904598, 8.0546e-06
0.904883, 8.04877e-06
0.905169, 7.98518e-06
0.905454, 8.00409e-06
0.905739, 7.94028e-06
0.906024, 7.82494e-06
0.90631, 7.49633e-06
0.906595, 7.22189e-06
0.90688, 7.46176e-06
0.907165, 8.02087e-06
0.907451, 8.28831e-06
0.907736, 8.18958e-06
0.908021, 7.96076e-06
0.908307, 7.76272e-06
0.908592, 7.76246e-06
0.908877, 7.96452e-06
0.909162, 8.07574e-06
0.909448, 8.019e-06
0.909733, 7.99339e-06
0.910018, 7.997e-06
0.910303, 7.9126e-06
0.910589, 7.73625e-06
0.910874, 7.36174e-06
0.911159, 7.24361e-06
0.911445, 7.67059e-06
0.91173, 8.17538e-06
0.912015, 8.29086e-06
0.9123, 8.11975e-06
0.912586, 7.88558e-06
0.912871, 7.7348e-06
0.913156, 7.82384e-06
0.913441, 8.03322e-06
0.913727, 8.07594e-06
0.914012, 7.994e-06
0.914297, 8.0064e-06
0.914583, 7.97466e-06
0.914868, 7.87807e-06
0.915153, 7.61467e-06
0.915438, 7.26747e-06
0.915724, 7.34708e-06
0.916009, 7.88272e-06
0.916294, 8.26501e-06
0.916579, 8.24946e-06
0.916865, 8.03606e-06
0.91715, 7.81423e-06
0.917435, 7.73844e-06
0.917721, 7.90798e-06
0.918006, 8.07045e-06
0.918291, 8.05214e-06
0.918576, 7.99689e-06
0.918862, 8.01363e-06
0.919147, 7.94268e-06
0.919432, 7.8183e-06
0.919717, 7.47568e-06
0.920003, 7.23031e-06
0.920288, 7.51279e-06
0.920573, 8.06858e-06
0.920859, 8.30138e-06
0.921144, 8.18509e-06
0.921429, 7.95429e-06
0.921714, 7.76533e-06
0.922, 7.78416e-06
0.922285, 7.99197e-06
0.92257, 8.0884e-06
0.922855, 8.02376e-06
0.923141, 8.00803e-06
0.923426, 8.00491e-06
0.923711, 7.91791e-06
0.923997, 7.72859e-06
0.924282, 7.34567e-06
0.924567, 7.26904e-06
0.924852, 7.7288e-06
0.925138, 8.20802e-06
0.925423, 8.29304e-06
0.925708, 8.10977e-06
0.925993, 7.87806e-06
0.926279, 7.7392e-06
0.926564, 7.84847e-06
0.926849, 8.05044e-06
0.927135, 8.07958e-06
0.92742, 8.00051e-06
0.927705, 8.0169e-06
0.92799, 7.97626e-06
0.928276, 7.87774e-06
0.928561, 7.59588e-06
0.928846, 7.26363e-06
0.929131, 7.3856e-06
0.929417, 7.932e-06
0.929702, 8.28213e-06
0.929987, 8.24256e-06
0.930273, 8.02459e-06
0.930558, 7.80939e-06
0.930843, 7.75562e-06
0.931128, 7.93723e-06
0.931414, 8.08548e-06
0.931699, 8.0539e-06
0.931984, 8.00466e-06
0.932269, 8.01782e-06
0.932555, 7.94e-06
0.93284, 7.80581e-06
0.933125, 7.44972e-06
0.933411, 7.238e-06
0.933696, 7.56504e-06
0.933981, 8.11371e-06
0.934266, 8.31236e-06
0.934552, 8.17802e-06
0.934837, 7.9454e-06
0.935122, 7.7638e-06
0.935407, 7.80174e-06
0.935693, 8.01186e-06
0.935978, 8.09379e-06
0.936263, 8.02307e-06
0.936549, 8.01599e-06
0.936834, 8.0063e-06
0.937119, 7.91605e-06
0.937404, 7.70718e-06
0.93769, 7.33143e-06
0.937975, 7.29638e-06
0.93826, 7.78446e-06
0.938545, 8.23514e-06
0.938831, 8.29081e-06
0.939116, 8.09727e-06
0.939401, 7.8669e-06
0.939687, 7.74462e-06
0.939972, 7.87405e-06
0.940257, 8.06736e-06
0.940542, 8.08268e-06
0.940828, 8.01067e-06
0.941113, 8.02584e-06
0.941398, 7.97545e-06
0.941683, 7.8717e-06
0.941969, 7.5723e-06
0.942254, 7.25984e-06
0.942539, 7.42756e-06
0.942825, 7.982e-06
0.94311, 8.30057e-06
0.943395, 8.2373e-06
0.94368, 8.01533e-06
0.943966, 7.80637e-06
0.944251, 7.77277e-06
0.944536, 7.96331e-06
0.944821, 8.0976e-06
0.945107, 8.0544e-06
0.945392, 8.01771e-06
0.945677, 8.02794e-06
0.945963, 7.94691e-06
0.946248, 7.79768e-06
0.946533, 7.43272e-06
0.946818, 7.25669e-06
0.947104, 7.62348e-06
0.947389, 8.15673e-06
0.947674, 8.32272e-06
0.947959, 8.17389e-06
0.948245, 7.93943e-06
0.94853, 7.76758e-06
0.948815, 7.82434e-06
0.9491, 8.03634e-06
0.949386, 8.10317e-06
0.949671, 8.02778e-06
0.949956, 8.02885e-06
0.950242, 8.01129e-06
0.950527, 7.92022e-06
0.950812, 7.69257e-06
0.951097, 7.32417e-06
0.951383, 7.32991e-06
0.951668, 7.83767e-06
0.951953, 8.26076e-06
0.952238, 8.28873e-06
0.952524, 8.08786e-06
0.952809, 7.86174e-06
0.953094, 7.75823e-06
0.95338, 7.90602e-06
0.953665, 8.08752e-06
0.95395, 8.0885e-06
0.954235, 8.02308e-06
0.954521, 8.039e-06
0.954806, 7.97972e-06
0.955091, 7.86838e-06
0.955376, 7.551e-06
0.955662, 7.2637e-06
0.955947, 7.47843e-06
0.956232, 8.03628e-06
0.956518, 8.32347e-06
0.956803, 8.23768e-06
0.957088, 8.01074e-06
0.957373, 7.808e-06
0.957659, 7.79342e-06
0.957944, 7.98958e-06
0.958229, 8.11009e-06
0.958514, 8.0592e-06
0.9588, 8.03032e-06
0.959085, 8.03772e-06
0.95937, 7.95394e-06
0.959656, 7.78831e-06
0.959941, 7.411e-06
0.960226, 7.27053e-06
0.960511, 7.67412e-06
0.960797, 8.1876e-06
0.961082, 8.32264e-06
0.961367, 8.1598e-06
0.961652, 7.92524e-06
0.961938, 7.76759e-06
0.962223, 7.84261e-06
0.962508, 8.05565e-06
0.962794, 8.10767e-06
0.963079, 8.02823e-06
0.963364, 8.03702e-06
0.963649, 8.00979e-06
0.963935, 7.91675e-06
0.96422, 7.66812e-06
0.964505, 7.31239e-06
0.96479, 7.36282e-06
0.965076, 7.88933e-06
0.965361, 8.28494e-06
0.965646, 8.28595e-06
0.965932, 8.07877e-06
0.966217, 7.85685e-06
0.966502, 7.77072e-06
0.966787, 7.93419e-06
0.967073, 8.10281e-06
0.967358, 8.09065e-06
0.967643, 8.02457e-06
0.967928, 8.04089e-06
0.968214, 7.97361e-06
0.968499, 7.8562e-06
0.968784, 7.52221e-06
0.96907, 7.26243e-06
0.969355, 7.52103e-06
0.96964, 8.07742e-06
0.969925, 8.32992e-06
0.970211, 8.22494e-06
0.970496, 7.99447e-06
0.970781, 7.79934e-06
0.971066, 7.80484e-06
0.971352, 8.00588e-06
0.971637, 8.11179e-06
0.971922, 8.05403e-06
0.972208, 8.03179e-06
0.972493, 8.03467e-06
0.972778, 7.94991e-06
0.973063, 7.76904e-06
0.973349, 7.39451e-06
0.973634, 7.29027e-06
0.973919, 7.72591e-06
0.974204, 8.21646e-06
0.97449, 8.31971e-06
0.974775, 8.14507e-06
0.97506, 7.91495e-06
0.975346, 7.7714e-06
0.975631, 7.86981e-06
0.975916, 8.07514e-06
0.976201, 8.11145e-06
0.976487, 8.03021e-06
0.976772, 8.04538e-06
0.977057, 8.00905e-06
0.977342, 7.91274e-06
0.977628, 7.64144e-06
0.977913, 7.30266e-06
0.978198, 7.39954e-06
0.978484, 7.93949e-06
0.978769, 8.30723e-06
0.979054, 8.28268e-06
0.979339, 8.06815e-06
0.979625, 7.84985e-06
0.97991, 7.78133e-06
0.980195, 7.95505e-06
0.98048, 8.11082e-06
0.980766, 8.08762e-06
0.981051, 8.0366e-06
0.981336, 8.05257e-06
0.981622, 7.97844e-06
0.981907, 7.85066e-06
0.982192, 7.50287e-06
0.982477, 7.27222e-06
0.982763, 7.5713e-06
0.983048, 8.12172e-06
0.983333, 8.34054e-06
0.983618, 8.21686e-06
0.983904, 7.9854e-06
0.984189, 7.79944e-06
0.984474, 7.82617e-06
0.98476, 8.03347e-06
0.985045, 8.12409e-06
0.98533, 8.05803e-06
0.985615, 8.04596e-06
0.985901, 8.03962e-06
0.986186, 7.95254e-06
0.986471, 7.75987e-06
0.986756, 7.37995e-06
0.987042, 7.31808e-06
0.987327, 7.78613e-06
0.987612, 8.25176e-06
0.987898, 8.32485e-06
0.988183, 8.13854e-06
0.988468, 7.9107e-06
0.988753, 7.78044e-06
0.989039, 7.90015e-06
0.989324, 8.09725e-06
0.989609, 8.11915e-06
0.989894, 8.04512e-06
0.99018, 8.05726e-06
0.990465, 8.01302e-06
0.99075, 7.91299e-06
0.991036, 7.62342e-06
0.991321, 7.30248e-06
0.991606, 7.44438e-06
0.991891, 7.99188e-06
0.992177, 8.32887e-06
0.992462, 8.28001e-06
0.992747, 8.06009e-06
0.993032, 7.84718e-06
0.993318, 7.79977e-06
0.993603, 7.98097e-06
0.993888, 8.12421e-06
0.994173, 8.08972e-06
0.994459, 8.04743e-06
0.994744, 8.06121e-06
0.995029, 7.98291e-06
0.995315, 7.84468e-06
0.9956, 7.48314e-06
0.995885, 7.283e-06
0.99617, 7.62124e-06
0.996456, 8.15879e-06
0.996741, 8.3446e-06
0.997026, 8.20566e-06
0.997311, 7.97558e-06
0.997597, 7.80097e-06
0.997882, 7.8471e-06
0.998167, 8.05821e-06
0.998453, 8.13301e-06
0.998738, 8.06018e-06
0.999023, 8.05761e-06
0.999308, 8.04323e-06
0.999594, 7.95373e-06
0.999879, 7.73699e-06
