x, y
0, 0
0.000285272, 0.000100255
0.000570544, 0.000169936
0.000855816, 0.000232175
0.00114109, 0.000287963
0.00142636, 0.000334504
0.00171163, 0.000350919
0.00199691, 0.000344711
0.00228218, 0.000342875
0.00256745, 0.000349878
0.00285272, 0.000354971
0.00313799, 0.000363763
0.00342327, 0.000370905
0.00370854, 0.000376821
0.00399381, 0.000386176
0.00427908, 0.0003953
0.00456435, 0.000410373
0.00484963, 0.000419382
0.0051349, 0.000422278
0.00542017, 0.000424734
0.00570544, 0.000426177
0.00599072, 0.000434827
0.00627599, 0.000445779
0.00656126, 0.00045063
0.00684653, 0.000456521
0.0071318, 0.000456768
0.00741708, 0.000462545
0.00770235, 0.000470419
0.00798762, 0.000478403
0.00827289, 0.000489125
0.00855816, 0.00049311
0.00884344, 0.000491989
0.00912871, 0.000491826
0.00941398, 0.000494432
0.00969925, 0.000501715
0.00998453, 0.000505022
0.0102698, 0.000507628
0.0105551, 0.000514017
0.0108403, 0.000515429
0.0111256, 0.000516735
0.0114109, 0.000517317
0.0116962, 0.00051978
0.0119814, 0.000525934
0.0122667, 0.00053131
0.012552, 0.000537543
0.0128372, 0.00053986
0.0131225, 0.000535938
0.0134078, 0.000531948
0.0136931, 0.000531346
0.0139783, 0.000537218
0.0142636, 0.000544589
0.0145489, 0.000548613
0.0148342, 0.000555653
0.0151194, 0.000560848
0.0154047, 0.000560856
0.01569, 0.000562044
0.0159752, 0.000562338
0.0162605, 0.000567258
0.0165458, 0.000572008
0.0168311, 0.000576205
0.0171163, 0.000580796
0.0174016, 0.000578668
0.0176869, 0.000575187
0.0179721, 0.000574654
0.0182574, 0.000577567
0.0185427, 0.00058501
0.018828, 0.000588847
0.0191132, 0.000593998
0.0193985, 0.000600074
0.0196838, 0.000600915
0.0199691, 0.000602915
0.0202543, 0.000602289
0.0205396, 0.000604558
0.0208249, 0.000609094
0.0211101, 0.000612569
0.0213954, 0.00061662
0.0216807, 0.000617412
0.021966, 0.00061346
0.0222512, 0.000609373
0.0225365, 0.000609271
0.0228218, 0.00061402
0.023107, 0.000616733
0.0233923, 0.00061962
0.0236776, 0.000624787
0.0239629, 0.000624985
0.0242481, 0.00062471
0.0245334, 0.000624761
0.0248187, 0.000624097
0.025104, 0.000627506
0.0253892, 0.000630563
0.0256745, 0.000632586
0.0259598, 0.000634901
0.026245, 0.000631817
0.0265303, 0.000626718
0.0268156, 0.000625147
0.0271009, 0.000628552
0.0273861, 0.00063154
0.0276714, 0.000634144
0.0279567, 0.000639959
0.0282419, 0.000641315
0.0285272, 0.000641054
0.0288125, 0.000641679
0.0290978, 0.000639875
0.029383, 0.00064251
0.0296683, 0.000646165
0.0299536, 0.000648433
0.0302388, 0.00065196
0.0305241, 0.000651606
0.0308094, 0.000647623
0.0310947, 0.000644826
0.0313799, 0.000646738
0.0316652, 0.000649315
0.0319505, 0.000650216
0.0322358, 0.000654178
0.032521, 0.000656256
0.0328063, 0.000654859
0.0330916, 0.000655455
0.0333768, 0.000654585
0.0336621, 0.000656154
0.0339474, 0.000659739
0.0342327, 0.000662429
0.0345179, 0.000665285
0.0348032, 0.000665613
0.0350885, 0.000661328
0.0353737, 0.000656836
0.035659, 0.000656961
0.0359443, 0.000660256
0.0362296, 0.000661702
0.0365148, 0.000664958
0.0368001, 0.000669036
0.0370854, 0.000668154
0.0373707, 0.000668032
0.0376559, 0.000667318
0.0379412, 0.000667508
0.0382265, 0.000670729
0.0385117, 0.00067323
0.038797, 0.000675394
0.0390823, 0.000676141
0.0393676, 0.000672219
0.0396528, 0.000667686
0.0399381, 0.000666693
0.0402234, 0.000670101
0.0405086, 0.000672479
0.0407939, 0.00067489
0.0410792, 0.000680003
0.0413645, 0.000680568
0.0416497, 0.000680272
0.041935, 0.000680235
0.0422203, 0.000679752
0.0425056, 0.00068294
0.0427908, 0.000685784
0.0430761, 0.000687924
0.0433614, 0.000689892
0.0436466, 0.000686666
0.0439319, 0.00068192
0.0442172, 0.000679811
0.0445025, 0.000682354
0.0447877, 0.000685577
0.045073, 0.000687257
0.0453583, 0.000691797
0.0456435, 0.00069362
0.0459288, 0.000692694
0.0462141, 0.000693061
0.0464994, 0.000691895
0.0467846, 0.000694672
0.0470699, 0.000697636
0.0473552, 0.000699537
0.0476405, 0.00070195
0.0479257, 0.000699159
0.048211, 0.000694266
0.0484963, 0.000691368
0.0487815, 0.000692612
0.0490668, 0.000696168
0.0493521, 0.000697558
0.0496374, 0.000701459
0.0499226, 0.000704311
0.0502079, 0.000703155
0.0504932, 0.000703728
0.0507784, 0.000702089
0.0510637, 0.000704192
0.051349, 0.000707244
0.0516343, 0.00070906
0.0519195, 0.000711567
0.0522048, 0.00071005
0.0524901, 0.000705305
0.0527754, 0.000701624
0.0530606, 0.000701893
0.0533459, 0.000705384
0.0536312, 0.000706751
0.0539164, 0.000709935
0.0542017, 0.000713316
0.054487, 0.000712243
0.0547723, 0.00071236
0.0550575, 0.000711101
0.0553428, 0.000712092
0.0556281, 0.000715089
0.0559133, 0.000717
0.0561986, 0.000719081
0.0564839, 0.00071877
0.0567692, 0.000714422
0.0570544, 0.000709952
0.0573397, 0.000709383
0.057625, 0.000712447
0.0579102, 0.000713754
0.0581955, 0.000716318
0.0584808, 0.000720058
0.0587661, 0.000719056
0.0590513, 0.000718725
0.0593366, 0.000717929
0.0596219, 0.000717733
0.0599072, 0.000720469
0.0601924, 0.000722527
0.0604777, 0.000724088
0.060763, 0.000724952
0.0610482, 0.000721221
0.0613335, 0.00071618
0.0616188, 0.000714792
0.0619041, 0.000717378
0.0621893, 0.000718855
0.0624746, 0.000720823
0.0627599, 0.000724986
0.0630451, 0.000724467
0.0633304, 0.000723758
0.0636157, 0.000723424
0.063901, 0.000722356
0.0641862, 0.000724881
0.0644715, 0.000727175
0.0647568, 0.000728477
0.0650421, 0.000729979
0.0653273, 0.000726766
0.0656126, 0.000721586
0.0658979, 0.000719408
0.0661831, 0.000721575
0.0664684, 0.00072333
0.0667537, 0.000724862
0.067039, 0.000729115
0.0673242, 0.000729292
0.0676095, 0.000728349
0.0678948, 0.000728365
0.06818, 0.000726841
0.0684653, 0.000729101
0.0687506, 0.00073158
0.0690359, 0.000732812
0.0693211, 0.000734724
0.0696064, 0.000732131
0.0698917, 0.000726993
0.070177, 0.000724157
0.0704622, 0.000725746
0.0707475, 0.000727954
0.0710328, 0.000729137
0.071318, 0.000733197
0.0716033, 0.000734378
0.0718886, 0.000733188
0.0721739, 0.000733421
0.0724591, 0.000731644
0.0727444, 0.000733609
0.0730297, 0.000736221
0.0733149, 0.000737533
0.0736002, 0.000739462
0.0738855, 0.000737291
0.0741708, 0.000732438
0.074456, 0.000729087
0.0747413, 0.000729928
0.0750266, 0.000732556
0.0753119, 0.000733547
0.0755971, 0.000737148
0.0758824, 0.000739252
0.0761677, 0.000737961
0.0764529, 0.000738286
0.0767382, 0.000736532
0.0770235, 0.000738189
0.0773088, 0.000740891
0.077594, 0.000742314
0.0778793, 0.0007444
0.0781646, 0.000742635
0.0784498, 0.000737968
0.0787351, 0.000734269
0.0790204, 0.000734482
0.0793057, 0.000737312
0.0795909, 0.000738278
0.0798762, 0.000741421
0.0801615, 0.000744197
0.0804468, 0.000742906
0.080732, 0.000742961
0.0810173, 0.000741487
0.0813026, 0.000742639
0.0815878, 0.00074537
0.0818731, 0.000746951
0.0821584, 0.000748893
0.0824437, 0.000747817
0.0827289, 0.000743306
0.0830142, 0.000739174
0.0832995, 0.00073883
0.0835847, 0.000741649
0.08387, 0.000742688
0.0841553, 0.000745379
0.0844406, 0.000748559
0.0847258, 0.000747322
0.0850111, 0.000747165
0.0852964, 0.000745912
0.0855816, 0.000746534
0.0858669, 0.000749196
0.0861522, 0.000750919
0.0864375, 0.00075264
0.0867227, 0.000752285
0.087008, 0.000748048
0.0872933, 0.000743553
0.0875786, 0.000742674
0.0878638, 0.000745326
0.0881491, 0.000746436
0.0884344, 0.000748744
0.0887196, 0.000752257
0.0890049, 0.000751202
0.0892902, 0.000750808
0.0895755, 0.00074996
0.0898607, 0.000749841
0.090146, 0.000752398
0.0904313, 0.000754234
0.0907165, 0.000755707
0.0910018, 0.000756017
0.0912871, 0.000752115
0.0915724, 0.000747288
0.0918576, 0.000745955
0.0921429, 0.000748311
0.0924282, 0.000749523
0.0927135, 0.000751457
0.0929987, 0.000755191
0.093284, 0.000754387
0.0935693, 0.000753752
0.0938545, 0.000753237
0.0941398, 0.000752556
0.0944251, 0.000755016
0.0947104, 0.00075701
0.0949956, 0.00075828
0.0952809, 0.000759137
0.0955662, 0.000755563
0.0958514, 0.000750534
0.0961367, 0.00074875
0.096422, 0.000750844
0.0967073, 0.000752192
0.0969925, 0.000753782
0.0972778, 0.000757686
0.0975631, 0.00075727
0.0978484, 0.00075644
0.0981336, 0.000756172
0.0984189, 0.000755081
0.0987042, 0.000757402
0.0989894, 0.000759524
0.0992747, 0.000760663
0.09956, 0.000761898
0.0998453, 0.000758624
0.100131, 0.000753543
0.100416, 0.000751094
0.100701, 0.000752914
0.100986, 0.000754463
0.101272, 0.000755829
0.101557, 0.000759777
0.101842, 0.0007598
0.102127, 0.000758824
0.102413, 0.000758747
0.102698, 0.000757372
0.102983, 0.000759554
0.103269, 0.000761798
0.103554, 0.000762896
0.103839, 0.000764381
0.104124, 0.000761399
0.10441, 0.000756361
0.104695, 0.000753773
0.10498, 0.000755306
0.105265, 0.000757079
0.105551, 0.000758229
0.105836, 0.000762115
0.106121, 0.00076264
0.106407, 0.000761502
0.106692, 0.000761548
0.106977, 0.000759979
0.107262, 0.00076198
0.107548, 0.000764309
0.107833, 0.000765394
0.108118, 0.000766961
0.108403, 0.000764249
0.108689, 0.000759272
0.108974, 0.000756322
0.109259, 0.000757553
0.109545, 0.000759554
0.10983, 0.000760527
0.110115, 0.00076427
0.1104, 0.000765275
0.110686, 0.000764037
0.110971, 0.000764147
0.111256, 0.000762436
0.111541, 0.000764256
0.111827, 0.000766651
0.112112, 0.000767753
0.112397, 0.000769539
0.112683, 0.000767145
0.112968, 0.000762278
0.113253, 0.000758991
0.113538, 0.000759851
0.113824, 0.000762021
0.114109, 0.000762913
0.114394, 0.000766427
0.114679, 0.000767871
0.114965, 0.000766545
0.11525, 0.000766696
0.115535, 0.000764941
0.11582, 0.000766574
0.116106, 0.000768998
0.116391, 0.000770128
0.116676, 0.000771967
0.116962, 0.000770004
0.117247, 0.000765199
0.117532, 0.000761642
0.117817, 0.000762131
0.118103, 0.000764408
0.118388, 0.000765162
0.118673, 0.000768458
0.118958, 0.000770273
0.119244, 0.000768887
0.119529, 0.000768995
0.119814, 0.000767253
0.1201, 0.000768641
0.120385, 0.000771078
0.12067, 0.000772244
0.120955, 0.000773993
0.121241, 0.000772378
0.121526, 0.000767694
0.121811, 0.000763921
0.122096, 0.000764104
0.122382, 0.000766388
0.122667, 0.000767156
0.122952, 0.000770242
0.123238, 0.000772394
0.123523, 0.000770995
0.123808, 0.000771006
0.124093, 0.000769362
0.124379, 0.000770453
0.124664, 0.00077289
0.124949, 0.000774143
0.125234, 0.000775865
0.12552, 0.000774454
0.125805, 0.000769824
0.12609, 0.000765914
0.126376, 0.000765849
0.126661, 0.000768219
0.126946, 0.000768955
0.127231, 0.000771845
0.127517, 0.000774274
0.127802, 0.000772889
0.128087, 0.000772723
0.128372, 0.000771256
0.128658, 0.000772098
0.128943, 0.00077452
0.129228, 0.000775857
0.129514, 0.000777469
0.129799, 0.000776576
0.130084, 0.000772081
0.130369, 0.000767917
0.130655, 0.0007676
0.13094, 0.000769951
0.131225, 0.0007707
0.13151, 0.000773334
0.131796, 0.000776
0.132081, 0.000774643
0.132366, 0.000774428
0.132652, 0.000773079
0.132937, 0.000773717
0.133222, 0.000776133
0.133507, 0.000777565
0.133793, 0.000779064
0.134078, 0.000778325
0.134363, 0.000774024
0.134648, 0.000769723
0.134934, 0.000768798
0.135219, 0.000771063
0.135504, 0.000771879
0.13579, 0.000774366
0.136075, 0.000777313
0.13636, 0.000776013
0.136645, 0.000775737
0.136931, 0.000774539
0.137216, 0.000774898
0.137501, 0.000777318
0.137786, 0.00077884
0.138072, 0.000780296
0.138357, 0.000779879
0.138642, 0.000775645
0.138928, 0.000771206
0.139213, 0.000770439
0.139498, 0.000772776
0.139783, 0.000773628
0.140069, 0.000775936
0.140354, 0.000779028
0.140639, 0.00077779
0.140924, 0.000777449
0.14121, 0.000776417
0.141495, 0.000776546
0.14178, 0.000778912
0.142066, 0.00078053
0.142351, 0.000781895
0.142636, 0.000781543
0.142921, 0.000777507
0.143207, 0.000772941
0.143492, 0.0007719
0.143777, 0.000774137
0.144062, 0.000775055
0.144348, 0.000777198
0.144633, 0.000780477
0.144918, 0.000779338
0.145204, 0.000778922
0.145489, 0.000778025
0.145774, 0.000777913
0.146059, 0.000780252
0.146345, 0.000781916
0.14663, 0.000783225
0.146915, 0.000783308
0.1472, 0.000779344
0.147486, 0.000774626
0.147771, 0.000773396
0.148056, 0.000775652
0.148342, 0.000776614
0.148627, 0.00077859
0.148912, 0.000781968
0.149197, 0.000780954
0.149483, 0.000780432
0.149768, 0.000779683
0.150053, 0.000779365
0.150338, 0.000781691
0.150624, 0.000783412
0.150909, 0.00078464
0.151194, 0.000784904
0.15148, 0.000781101
0.151765, 0.000776303
0.15205, 0.000774897
0.152335, 0.000777059
0.152621, 0.000778085
0.152906, 0.000779912
0.153191, 0.000783434
0.153476, 0.00078251
0.153762, 0.00078187
0.154047, 0.000781172
0.154332, 0.00078065
0.154618, 0.000782947
0.154903, 0.000784741
0.155188, 0.000785916
0.155473, 0.000786486
0.155759, 0.00078282
0.156044, 0.000777952
0.156329, 0.000776362
0.156614, 0.000778398
0.1569, 0.000779472
0.157185, 0.00078118
0.15747, 0.000784745
0.157756, 0.000783943
0.158041, 0.000783253
0.158326, 0.000782715
0.158611, 0.000782038
0.158897, 0.000784308
0.159182, 0.000786142
0.159467, 0.000787256
0.159752, 0.000787875
0.160038, 0.000784288
0.160323, 0.00077935
0.160608, 0.000777606
0.160894, 0.000779602
0.161179, 0.000780724
0.161464, 0.000782298
0.161749, 0.000785962
0.162035, 0.000785321
0.16232, 0.000784521
0.162605, 0.000784064
0.16289, 0.000783237
0.163176, 0.000785446
0.163461, 0.000787325
0.163746, 0.000788392
0.164031, 0.000789172
0.164317, 0.000785669
0.164602, 0.000780716
0.164887, 0.000778843
0.165173, 0.000780697
0.165458, 0.000781879
0.165743, 0.000783362
0.166028, 0.000787096
0.166314, 0.000786576
0.166599, 0.000785741
0.166884, 0.000785323
0.167169, 0.000784339
0.167455, 0.000786491
0.16774, 0.000788412
0.168025, 0.000789453
0.168311, 0.00079042
0.168596, 0.000787105
0.168881, 0.000782124
0.169166, 0.00077959
0.169452, 0.000781384
0.169737, 0.000782614
0.170022, 0.000784016
0.170307, 0.000787718
0.170593, 0.000787307
0.170878, 0.000786455
0.171163, 0.000786145
0.171449, 0.000785151
0.171734, 0.00078731
0.172019, 0.000789275
0.172304, 0.000790289
0.17259, 0.00079129
0.172875, 0.000787997
0.17316, 0.000782993
0.173445, 0.00078088
0.173731, 0.000782673
0.174016, 0.000783958
0.174301, 0.000785328
0.174587, 0.000788996
0.174872, 0.000788694
0.175157, 0.000787782
0.175442, 0.000787493
0.175728, 0.000786405
0.176013, 0.000788509
0.176298, 0.000790484
0.176583, 0.000791462
0.176869, 0.0007923
0.177154, 0.000789091
0.177439, 0.000784109
0.177725, 0.000781889
0.17801, 0.000783624
0.178295, 0.000784931
0.17858, 0.000786243
0.178866, 0.000789916
0.179151, 0.000789722
0.179436, 0.000788752
0.179721, 0.000788497
0.180007, 0.000787285
0.180292, 0.000789359
0.180577, 0.000791371
0.180863, 0.000792322
0.181148, 0.000793449
0.181433, 0.000790366
0.181718, 0.000785369
0.182004, 0.000783048
0.182289, 0.000784637
0.182574, 0.000786001
0.182859, 0.000787238
0.183145, 0.00079095
0.18343, 0.000790896
0.183715, 0.000789894
0.184001, 0.000789646
0.184286, 0.000788359
0.184571, 0.000790366
0.184856, 0.000792402
0.185142, 0.000793354
0.185427, 0.000794598
0.185712, 0.000791625
0.185997, 0.000786645
0.186283, 0.000784231
0.186568, 0.000785766
0.186853, 0.000787151
0.187139, 0.000788325
0.187424, 0.000792012
0.187709, 0.000791982
0.187994, 0.000790963
0.18828, 0.000790773
0.188565, 0.0007895
0.18885, 0.000791478
0.189135, 0.000793515
0.189421, 0.00079444
0.189706, 0.000795705
0.189991, 0.000792725
0.190277, 0.000787689
0.190562, 0.000785207
0.190847, 0.000786718
0.191132, 0.000788152
0.191418, 0.000789285
0.191703, 0.000792947
0.191988, 0.00079298
0.192273, 0.000791947
0.192559, 0.000791772
0.192844, 0.000790454
0.193129, 0.000792411
0.193415, 0.000794455
0.1937, 0.000795364
0.193985, 0.000796665
0.19427, 0.000793708
0.194556, 0.000788703
0.194841, 0.000786167
0.195126, 0.000787629
0.195411, 0.00078909
0.195697, 0.000790204
0.195982, 0.000793856
0.196267, 0.000793963
0.196553, 0.000792888
0.196838, 0.000792731
0.197123, 0.000791359
0.197408, 0.000793292
0.197694, 0.000795343
0.197979, 0.000796243
0.198264, 0.000797555
0.198549, 0.000794666
0.198835, 0.000789691
0.19912, 0.000787113
0.199405, 0.000788536
0.199691, 0.000789997
0.199976, 0.000791086
0.200261, 0.000794735
0.200546, 0.000794899
0.200832, 0.000793799
0.201117, 0.000793649
0.201402, 0.000792249
0.201687, 0.00079413
0.201973, 0.000796203
0.202258, 0.000797092
0.202543, 0.000798422
0.202829, 0.000795551
0.203114, 0.000790583
0.203399, 0.000787981
0.203684, 0.000788833
0.20397, 0.000790275
0.204255, 0.000791369
0.20454, 0.000795023
0.204825, 0.000795247
0.205111, 0.000794148
0.205396, 0.000794023
0.205681, 0.000792617
0.205967, 0.00079451
0.206252, 0.000796617
0.206537, 0.00079752
0.206822, 0.000798868
0.207108, 0.000796027
0.207393, 0.000791064
0.207678, 0.000788447
0.207963, 0.000789834
0.208249, 0.00079134
0.208534, 0.000792426
0.208819, 0.000796072
0.209104, 0.000796329
0.20939, 0.000795213
0.209675, 0.000795087
0.20996, 0.000793638
0.210246, 0.000795524
0.210531, 0.000797624
0.210816, 0.00079851
0.211101, 0.000799644
0.211387, 0.000796872
0.211672, 0.000791897
0.211957, 0.000789247
0.212242, 0.000790535
0.212528, 0.00079204
0.212813, 0.000793105
0.213098, 0.000796753
0.213384, 0.00079704
0.213669, 0.000795912
0.213954, 0.000795778
0.214239, 0.000794297
0.214525, 0.000796148
0.21481, 0.000798245
0.215095, 0.000799128
0.21538, 0.000800492
0.215666, 0.000797694
0.215951, 0.000792768
0.216236, 0.000790105
0.216522, 0.000791359
0.216807, 0.000792865
0.217092, 0.000793898
0.217377, 0.000797565
0.217663, 0.000797884
0.217948, 0.000796758
0.218233, 0.000796629
0.218518, 0.000795139
0.218804, 0.00079696
0.219089, 0.000799045
0.219374, 0.000799924
0.21966, 0.000801295
0.219945, 0.000798499
0.22023, 0.000793578
0.220515, 0.000790914
0.220801, 0.000792139
0.221086, 0.000793647
0.221371, 0.000794667
0.221656, 0.000798334
0.221942, 0.000798679
0.222227, 0.000797553
0.222512, 0.000797425
0.222798, 0.000795932
0.223083, 0.000797749
0.223368, 0.000799827
0.223653, 0.0008007
0.223939, 0.000802072
0.224224, 0.000799288
0.224509, 0.000794371
0.224794, 0.000791705
0.22508, 0.000792945
0.225365, 0.000794446
0.22565, 0.000795463
0.225936, 0.000799118
0.226221, 0.00079945
0.226506, 0.00079833
0.226791, 0.0007982
0.227077, 0.000796715
0.227362, 0.000798532
0.227647, 0.000800599
0.227932, 0.000801467
0.228218, 0.000802829
0.228503, 0.000800033
0.228788, 0.000795117
0.229074, 0.000792458
0.229359, 0.00079368
0.229644, 0.000795177
0.229929, 0.000796205
0.230215, 0.000799853
0.2305, 0.000800165
0.230785, 0.000799056
0.23107, 0.000798924
0.231356, 0.000797438
0.231641, 0.000799267
0.231926, 0.000801328
0.232212, 0.00080219
0.232497, 0.00080354
0.232782, 0.00080074
0.233067, 0.000795825
0.233353, 0.000793177
0.233638, 0.000794447
0.233923, 0.000795925
0.234208, 0.000796985
0.234494, 0.000800605
0.234779, 0.000800873
0.235064, 0.000799767
0.23535, 0.000799631
0.235635, 0.000798159
0.23592, 0.000799999
0.236205, 0.000802064
0.236491, 0.000802932
0.236776, 0.00080426
0.237061, 0.000801438
0.237346, 0.000796511
0.237632, 0.000793867
0.237917, 0.000794501
0.238202, 0.000795927
0.238488, 0.000797012
0.238773, 0.000800635
0.239058, 0.000800875
0.239343, 0.000799792
0.239629, 0.000799666
0.239914, 0.000798252
0.240199, 0.000800116
0.240484, 0.000802198
0.24077, 0.000803085
0.241055, 0.000804411
0.24134, 0.000801582
0.241626, 0.000796662
0.241911, 0.000794065
0.242196, 0.000795448
0.242481, 0.000796905
0.242767, 0.000797992
0.243052, 0.000801609
0.243337, 0.000801803
0.243622, 0.000800734
0.243908, 0.000800591
0.244193, 0.000799205
0.244478, 0.000801051
0.244764, 0.000803103
0.245049, 0.000803977
0.245334, 0.000804983
0.245619, 0.000802115
0.245905, 0.000797183
0.24619, 0.000794622
0.246475, 0.000795999
0.24676, 0.000797414
0.247046, 0.000798496
0.247331, 0.000802109
0.247616, 0.000802234
0.247902, 0.000801174
0.248187, 0.000801017
0.248472, 0.000799645
0.248757, 0.000801522
0.249043, 0.000803551
0.249328, 0.000804415
0.249613, 0.000805682
0.249898, 0.000802784
0.250184, 0.00079785
0.250469, 0.000795328
0.250754, 0.000796747
0.25104, 0.000798129
0.251325, 0.000799203
0.25161, 0.000802795
0.251895, 0.000802878
0.252181, 0.000801842
0.252466, 0.000801688
0.252751, 0.000800361
0.253036, 0.000802256
0.253322, 0.000804267
0.253607, 0.000805125
0.253892, 0.000806366
0.254177, 0.00080345
0.254463, 0.000798483
0.254748, 0.000795996
0.255033, 0.000797445
0.255319, 0.000798838
0.255604, 0.000799938
0.255889, 0.000803531
0.256174, 0.000803543
0.25646, 0.000802537
0.256745, 0.000802356
0.25703, 0.000801068
0.257315, 0.000802973
0.257601, 0.000804973
0.257886, 0.000805838
0.258171, 0.000807065
0.258457, 0.000804119
0.258742, 0.000799147
0.259027, 0.000796718
0.259312, 0.000798188
0.259598, 0.000799541
0.259883, 0.000800648
0.260168, 0.000804278
0.260453, 0.000804211
0.260739, 0.000803214
0.261024, 0.000803028
0.261309, 0.000801787
0.261595, 0.000803699
0.26188, 0.000805689
0.262165, 0.000806554
0.26245, 0.000807761
0.262736, 0.000804859
0.263021, 0.000799923
0.263306, 0.000797516
0.263591, 0.00079899
0.263877, 0.000800294
0.264162, 0.000801432
0.264447, 0.000805033
0.264733, 0.000804949
0.265018, 0.000803945
0.265303, 0.000803729
0.265588, 0.000802505
0.265874, 0.000804431
0.266159, 0.000806396
0.266444, 0.000807266
0.266729, 0.000808383
0.267015, 0.000805415
0.2673, 0.000800479
0.267585, 0.000798143
0.267871, 0.000799632
0.268156, 0.000800904
0.268441, 0.000802093
0.268726, 0.000805716
0.269012, 0.000805589
0.269297, 0.000804605
0.269582, 0.000804313
0.269867, 0.000803121
0.270153, 0.000805068
0.270438, 0.000807
0.270723, 0.000807886
0.271009, 0.000808944
0.271294, 0.000805832
0.271579, 0.000800915
0.271864, 0.000797965
0.27215, 0.000799554
0.272435, 0.000800789
0.27272, 0.000802071
0.273005, 0.000805676
0.273291, 0.000805455
0.273576, 0.000804536
0.273861, 0.000804246
0.274147, 0.000803114
0.274432, 0.000805092
0.274717, 0.000807011
0.275002, 0.000807924
0.275288, 0.000808947
0.275573, 0.000805777
0.275858, 0.000800877
0.276143, 0.000798718
0.276429, 0.000800391
0.276714, 0.000801556
0.276999, 0.000802864
0.277285, 0.000806441
0.27757, 0.000806118
0.277855, 0.000805238
0.27814, 0.000804941
0.278426, 0.000803896
0.278711, 0.000805913
0.278996, 0.000807791
0.279281, 0.000808698
0.279567, 0.000809366
0.279852, 0.000806165
0.280137, 0.000801228
0.280423, 0.000799142
0.280708, 0.000800843
0.280993, 0.000802001
0.281278, 0.000803335
0.281564, 0.000806883
0.281849, 0.000806449
0.282134, 0.000805608
0.282419, 0.000805262
0.282705, 0.000804281
0.28299, 0.000806308
0.283275, 0.000808161
0.283561, 0.000809082
0.283846, 0.000810024
0.284131, 0.000806828
0.284416, 0.000801927
0.284702, 0.000799914
0.284987, 0.000801624
0.285272, 0.000802737
0.285557, 0.000804083
0.285843, 0.000807638
0.286128, 0.000807131
0.286413, 0.000806306
0.286699, 0.000805926
0.286984, 0.000805015
0.287269, 0.000807057
0.287554, 0.000808886
0.28784, 0.000809817
0.288125, 0.000810578
0.28841, 0.00080725
0.288695, 0.000802402
0.288981, 0.000800494
0.289266, 0.000802206
0.289551, 0.000803272
0.289837, 0.000804705
0.290122, 0.000808294
0.290407, 0.000807704
0.290692, 0.000806892
0.290978, 0.000806431
0.291263, 0.000805566
0.291548, 0.000807627
0.291833, 0.00080941
0.292119, 0.000810375
0.292404, 0.000811051
0.292689, 0.000807635
0.292975, 0.000802781
0.29326, 0.000800961
0.293545, 0.000802799
0.29383, 0.000803823
0.294116, 0.000805321
0.294401, 0.000808837
0.294686, 0.000808133
0.294971, 0.00080737
0.295257, 0.000806864
0.295542, 0.000806092
0.295827, 0.000808184
0.296113, 0.000809919
0.296398, 0.000810908
0.296683, 0.000811498
0.296968, 0.000808008
0.297254, 0.00080316
0.297539, 0.000801457
0.297824, 0.000803321
0.298109, 0.000804295
0.298395, 0.000805843
0.29868, 0.000809309
0.298965, 0.000808507
0.299251, 0.000807849
0.299536, 0.000807294
0.299821, 0.000806643
0.300106, 0.00080875
0.300392, 0.000810453
0.300677, 0.000811469
0.300962, 0.000812063
0.301247, 0.000808547
0.301533, 0.000803755
0.301818, 0.000802145
0.302103, 0.000804021
0.302388, 0.000804974
0.302674, 0.000806638
0.302959, 0.000810007
0.303244, 0.000809138
0.30353, 0.0008085
0.303815, 0.000807825
0.3041, 0.000807308
0.304385, 0.000809428
0.304671, 0.000811102
0.304956, 0.00081214
0.305241, 0.000812477
0.305526, 0.000808853
0.305812, 0.00080415
0.306097, 0.00080178
0.306382, 0.000803604
0.306668, 0.000804534
0.306953, 0.000806341
0.307238, 0.000809675
0.307523, 0.000808775
0.307809, 0.000808179
0.308094, 0.000807465
0.308379, 0.000807063
0.308664, 0.000809203
0.30895, 0.000810848
0.309235, 0.000811954
0.30952, 0.000812244
0.309806, 0.000808517
0.310091, 0.000803862
0.310376, 0.000802489
0.310661, 0.000804471
0.310947, 0.000805335
0.311232, 0.000807197
0.311517, 0.000810436
0.311802, 0.000809424
0.312088, 0.000808932
0.312373, 0.000808147
0.312658, 0.000807848
0.312944, 0.000810005
0.313229, 0.000811583
0.313514, 0.00081271
0.313799, 0.000812482
0.314085, 0.000808691
0.31437, 0.000804071
0.314655, 0.00080283
0.31494, 0.000804869
0.315226, 0.000805672
0.315511, 0.000807642
0.315796, 0.000810763
0.316082, 0.000809626
0.316367, 0.000809206
0.316652, 0.000808357
0.316937, 0.000808189
0.317223, 0.000810354
0.317508, 0.000811891
0.317793, 0.000813044
0.318078, 0.000813096
0.318364, 0.000809217
0.318649, 0.000804682
0.318934, 0.000803542
0.31922, 0.000805557
0.319505, 0.000806341
0.31979, 0.000808371
0.320075, 0.000811435
0.320361, 0.00081027
0.320646, 0.000809863
0.320931, 0.000808861
0.321216, 0.000808841
0.321502, 0.000811001
0.321787, 0.000812493
0.322072, 0.00081368
0.322358, 0.000813447
0.322643, 0.000809464
0.322928, 0.000805042
0.323213, 0.000804038
0.323499, 0.000806102
0.323784, 0.000806827
0.324069, 0.000808968
0.324354, 0.00081188
0.32464, 0.000810649
0.324925, 0.000810305
0.32521, 0.000809268
0.325496, 0.000809357
0.325781, 0.000811529
0.326066, 0.000812958
0.326351, 0.000814182
0.326637, 0.000813821
0.326922, 0.000809757
0.327207, 0.000805398
0.327492, 0.000804567
0.327778, 0.000806645
0.328063, 0.000807337
0.328348, 0.000809611
0.328634, 0.0008124
0.328919, 0.000811109
0.329204, 0.000810801
0.329489, 0.000809706
0.329775, 0.00080994
0.33006, 0.000812127
0.330345, 0.000813486
0.33063, 0.000814749
0.330916, 0.000814323
0.331201, 0.00081018
0.331486, 0.00080593
0.331772, 0.000805208
0.332057, 0.000807238
0.332342, 0.000807915
0.332627, 0.000810244
0.332913, 0.000812945
0.333198, 0.000811652
0.333483, 0.000811353
0.333768, 0.000810107
0.334054, 0.000810527
0.334339, 0.000812698
0.334624, 0.000814011
0.33491, 0.000815318
0.335195, 0.000814576
0.33548, 0.000810389
0.335765, 0.000806241
0.336051, 0.000805686
0.336336, 0.00080773
0.336621, 0.000808354
0.336906, 0.000810799
0.337192, 0.000813303
0.337477, 0.000812
0.337762, 0.000811765
0.338048, 0.000810483
0.338333, 0.000811019
0.338618, 0.000813192
0.338903, 0.000814439
0.339189, 0.000815788
0.339474, 0.0008149
0.339759, 0.000810621
0.340044, 0.000806576
0.34033, 0.000805439
0.340615, 0.000807465
0.3409, 0.000808097
0.341186, 0.000810679
0.341471, 0.000813047
0.341756, 0.000811709
0.342041, 0.000811531
0.342327, 0.000810231
0.342612, 0.000810909
0.342897, 0.000813096
0.343182, 0.000814296
0.343468, 0.0008157
0.343753, 0.000814616
0.344038, 0.000810321
0.344324, 0.000806426
0.344609, 0.000806179
0.344894, 0.000808177
0.345179, 0.000808812
0.345465, 0.000811519
0.34575, 0.00081374
0.346035, 0.000812428
0.34632, 0.000812264
0.346606, 0.000810878
0.346891, 0.000811665
0.347176, 0.000813825
0.347461, 0.000814959
0.347747, 0.000816122
0.348032, 0.000814813
0.348317, 0.000810376
0.348603, 0.000806578
0.348888, 0.000806465
0.349173, 0.000808464
0.349458, 0.00080905
0.349744, 0.000811821
0.350029, 0.000813842
0.350314, 0.000812521
0.350599, 0.000812464
0.350885, 0.000810955
0.35117, 0.000811883
0.351455, 0.000814046
0.351741, 0.000815118
0.352026, 0.000816633
0.352311, 0.000815299
0.352596, 0.00081087
0.352882, 0.000807092
0.353167, 0.000807108
0.353452, 0.000809077
0.353737, 0.000809678
0.354023, 0.000812559
0.354308, 0.000814474
0.354593, 0.000813107
0.354879, 0.000813131
0.355164, 0.000811444
0.355449, 0.000812514
0.355734, 0.000814669
0.35602, 0.000815673
0.356305, 0.000817158
0.35659, 0.000815533
0.356875, 0.000811053
0.357161, 0.000807432
0.357446, 0.000807597
0.357731, 0.00080954
0.358017, 0.000810152
0.358302, 0.000813196
0.358587, 0.000814839
0.358872, 0.000813491
0.359158, 0.000813539
0.359443, 0.000811871
0.359728, 0.000813041
0.360013, 0.00081519
0.360299, 0.000816142
0.360584, 0.000817676
0.360869, 0.000815873
0.361155, 0.000811291
0.36144, 0.000807763
0.361725, 0.00080811
0.36201, 0.000810014
0.362296, 0.000810628
0.362581, 0.000813797
0.362866, 0.000815193
0.363151, 0.000813881
0.363437, 0.000813965
0.363722, 0.000812275
0.364007, 0.000813579
0.364293, 0.000815709
0.364578, 0.000816608
0.364863, 0.000818108
0.365148, 0.000816136
0.365434, 0.000811573
0.365719, 0.000808187
0.366004, 0.00080869
0.366289, 0.000810479
0.366575, 0.000811204
0.36686, 0.000814437
0.367145, 0.00081564
0.367431, 0.00081435
0.367716, 0.000814382
0.368001, 0.000812689
0.368286, 0.000814081
0.368572, 0.000816207
0.368857, 0.000817061
0.369142, 0.000818568
0.369427, 0.000816403
0.369713, 0.000811708
0.369998, 0.000808464
0.370283, 0.000809149
0.370569, 0.000810855
0.370854, 0.000811594
0.371139, 0.000814922
0.371424, 0.000815849
0.37171, 0.000814623
0.371995, 0.000814665
0.37228, 0.000812999
0.372565, 0.000814512
0.372851, 0.000816645
0.373136, 0.000817467
0.373421, 0.000818941
0.373707, 0.000816753
0.373992, 0.000811993
0.374277, 0.000808903
0.374562, 0.000808742
0.374848, 0.000810319
0.375133, 0.000811147
0.375418, 0.000814609
0.375703, 0.000815389
0.375989, 0.000814206
0.376274, 0.00081418
0.376559, 0.000812568
0.376845, 0.000814196
0.37713, 0.000816311
0.377415, 0.000817142
0.3777, 0.000818597
0.377986, 0.000816133
0.378271, 0.000811345
0.378556, 0.000808473
0.378841, 0.000809501
0.379127, 0.000811037
0.379412, 0.000811919
0.379697, 0.000815398
0.379983, 0.000815889
0.380268, 0.000814791
0.380553, 0.000814749
0.380838, 0.000813248
0.381124, 0.000814952
0.381409, 0.000817003
0.381694, 0.000817818
0.381979, 0.000818828
0.382265, 0.000816328
0.38255, 0.000811494
0.382835, 0.000808752
0.383121, 0.000809874
0.383406, 0.000811316
0.383691, 0.000812253
0.383976, 0.000815783
0.384262, 0.000816125
0.384547, 0.000815024
0.384832, 0.000814884
0.385117, 0.000813432
0.385403, 0.000815212
0.385688, 0.000817212
0.385973, 0.000818019
0.386259, 0.000819286
0.386544, 0.000816513
0.386829, 0.000811665
0.387114, 0.000809111
0.3874, 0.000810438
0.387685, 0.000811766
0.38797, 0.000812815
0.388255, 0.000816345
0.388541, 0.000816409
0.388826, 0.000815402
0.389111, 0.000815222
0.389397, 0.000813931
0.389682, 0.000815764
0.389967, 0.000817708
0.390252, 0.000818531
0.390538, 0.000819739
0.390823, 0.000816907
0.391108, 0.000812026
0.391393, 0.000809623
0.391679, 0.000811041
0.391964, 0.000812291
0.392249, 0.000813414
0.392534, 0.000816967
0.39282, 0.000816882
0.393105, 0.000815909
0.39339, 0.000815623
0.393676, 0.000814429
0.393961, 0.000816316
0.394246, 0.000818211
0.394531, 0.000819049
0.394817, 0.000820074
0.395102, 0.000817016
0.395387, 0.000812162
0.395672, 0.000809958
0.395958, 0.000811538
0.396243, 0.000812662
0.396528, 0.000813938
0.396814, 0.000817464
0.397099, 0.000817124
0.397384, 0.000816244
0.397669, 0.000815904
0.397955, 0.000814858
0.39824, 0.000816813
0.398525, 0.000818635
0.39881, 0.000819516
0.399096, 0.000820478
0.399381, 0.000817309
0.399666, 0.000812388
0.399952, 0.000810378
0.400237, 0.000812045
0.400522, 0.000813131
0.400807, 0.000814471
0.401093, 0.000818008
0.401378, 0.000817499
0.401663, 0.000816678
0.401948, 0.00081622
0.402234, 0.000815319
0.402519, 0.000817314
0.402804, 0.000819091
0.40309, 0.000820011
0.403375, 0.000820727
0.40366, 0.000817386
0.403945, 0.000812588
0.404231, 0.000810769
0.404516, 0.000812552
0.404801, 0.000813512
0.405086, 0.000814995
0.405372, 0.000818466
0.405657, 0.000817742
0.405942, 0.000817034
0.406228, 0.00081649
0.406513, 0.000815758
0.406798, 0.000817815
0.407083, 0.000819501
0.407369, 0.000820478
0.407654, 0.000821195
0.407939, 0.000817754
0.408224, 0.000812907
0.40851, 0.000810484
0.408795, 0.00081229
0.40908, 0.000813236
0.409366, 0.000814894
0.409651, 0.000818266
0.409936, 0.000817425
0.410221, 0.000816791
0.410507, 0.000816059
0.410792, 0.00081558
0.411077, 0.000817677
0.411362, 0.000819324
0.411648, 0.000820369
0.411933, 0.00082067
0.412218, 0.000817054
0.412504, 0.000812419
0.412789, 0.000811012
0.413074, 0.00081294
0.413359, 0.000813791
0.413645, 0.000815619
0.41393, 0.000818837
0.414215, 0.000817831
0.4145, 0.000817338
0.414786, 0.000816543
0.415071, 0.000816242
0.415356, 0.000818354
0.415642, 0.000819896
0.415927, 0.000821
0.416212, 0.000820872
0.416497, 0.000817063
0.416783, 0.000812472
0.417068, 0.000811263
0.417353, 0.000813258
0.417638, 0.000814048
0.417924, 0.000816018
0.418209, 0.000819099
0.418494, 0.000817947
0.41878, 0.000817519
0.419065, 0.000816527
0.41935, 0.000816461
0.419635, 0.000818578
0.419921, 0.000820059
0.420206, 0.000821206
0.420491, 0.000821017
0.420776, 0.000817112
0.421062, 0.00081272
0.421347, 0.00081175
0.421632, 0.000813741
0.421918, 0.000814444
0.422203, 0.000816575
0.422488, 0.000819453
0.422773, 0.000818236
0.423059, 0.00081789
0.423344, 0.000816824
0.423629, 0.000816934
0.423914, 0.000819064
0.4242, 0.00082045
0.424485, 0.000821669
0.42477, 0.000821409
0.425056, 0.00081729
0.425341, 0.000813037
0.425626, 0.000812248
0.425911, 0.000814259
0.426197, 0.000814924
0.426482, 0.000817199
0.426767, 0.000819928
0.427052, 0.000818633
0.427338, 0.000818318
0.427623, 0.000817076
0.427908, 0.000817453
0.428194, 0.000819589
0.428479, 0.000820884
0.428764, 0.00082215
0.429049, 0.000821555
0.429335, 0.00081739
0.42962, 0.000813251
0.429905, 0.000812662
0.43019, 0.000814661
0.430476, 0.000815261
0.430761, 0.000817694
0.431046, 0.000820165
0.431332, 0.000818873
0.431617, 0.000818647
0.431902, 0.000817336
0.432187, 0.000817896
0.432473, 0.000820025
0.432758, 0.000821231
0.433043, 0.00082259
0.433328, 0.000821654
0.433614, 0.000817362
0.433899, 0.000813434
0.434184, 0.000813093
0.43447, 0.000815057
0.434755, 0.000815667
0.43504, 0.000818275
0.435325, 0.000820534
0.435611, 0.000819218
0.435896, 0.000819029
0.436181, 0.000817628
0.436466, 0.000818362
0.436752, 0.000820488
0.437037, 0.000821609
0.437322, 0.000823043
0.437608, 0.000821778
0.437893, 0.000817388
0.438178, 0.000813605
0.438463, 0.000813477
0.438749, 0.00081544
0.439034, 0.000816012
0.439319, 0.000818761
0.439604, 0.000820744
0.43989, 0.000819434
0.440175, 0.000819396
0.44046, 0.000817865
0.440745, 0.000818794
0.441031, 0.000820932
0.441316, 0.000821963
0.441601, 0.000823423
0.441887, 0.000822035
0.442172, 0.000817616
0.442457, 0.000813912
0.442742, 0.000812886
0.443028, 0.000814719
0.443313, 0.00081534
0.443598, 0.000818335
0.443883, 0.000820104
0.444169, 0.000818799
0.444454, 0.000818833
0.444739, 0.000817201
0.445025, 0.00081833
0.44531, 0.000820455
0.445595, 0.000821429
0.44588, 0.000822951
0.446166, 0.00082123
0.446451, 0.000816733
0.446736, 0.000813205
0.447021, 0.000813518
0.447307, 0.000815428
0.447592, 0.000816052
0.447877, 0.000819216
0.448163, 0.000820629
0.448448, 0.000819351
0.448733, 0.000819453
0.449018, 0.000817789
0.449304, 0.000819076
0.449589, 0.000821195
0.449874, 0.00082209
0.450159, 0.000823148
0.450445, 0.000821194
0.45073, 0.000816646
0.451015, 0.000813293
0.451301, 0.000813835
0.451586, 0.000815592
0.451871, 0.000816317
0.452156, 0.00081955
0.452442, 0.000820676
0.452727, 0.000819405
0.453012, 0.000819436
0.453297, 0.000817768
0.453583, 0.000819171
0.453868, 0.000821284
0.454153, 0.00082212
0.454439, 0.000823616
0.454724, 0.000821448
0.455009, 0.000816735
0.455294, 0.000813614
0.45558, 0.000814362
0.455865, 0.000816034
0.45615, 0.00081679
0.456435, 0.000820172
0.456721, 0.000820986
0.457006, 0.000819777
0.457291, 0.000819801
0.457577, 0.000818166
0.457862, 0.000819712
0.458147, 0.0008218
0.458432, 0.000822593
0.458718, 0.00082401
0.459003, 0.000821629
0.459288, 0.000816881
0.459573, 0.000813954
0.459859, 0.000814918
0.460144, 0.000816441
0.460429, 0.000817303
0.460715, 0.000820746
0.461, 0.000821277
0.461285, 0.000820143
0.46157, 0.000820077
0.461856, 0.000818554
0.462141, 0.000820207
0.462426, 0.000822226
0.462711, 0.000823015
0.462997, 0.000824399
0.463282, 0.000821926
0.463567, 0.000817111
0.463853, 0.00081438
0.464138, 0.000815485
0.464423, 0.000816898
0.464708, 0.000817843
0.464994, 0.000821365
0.465279, 0.000821656
0.465564, 0.000820574
0.465849, 0.000820411
0.466135, 0.000818985
0.46642, 0.000820747
0.466705, 0.000822726
0.466991, 0.000823523
0.467276, 0.000824759
0.467561, 0.000821954
0.467846, 0.000817102
0.468132, 0.000814606
0.468417, 0.000815948
0.468702, 0.000817223
0.468987, 0.000818275
0.469273, 0.000821792
0.469558, 0.000821754
0.469843, 0.000820794
0.470129, 0.000820595
0.470414, 0.000819371
0.470699, 0.000821197
0.470984, 0.000823102
0.47127, 0.000823914
0.471555, 0.000824991
0.47184, 0.000822031
0.472125, 0.000817218
0.472411, 0.000814952
0.472696, 0.000816426
0.472981, 0.000817591
0.473267, 0.000818816
0.473552, 0.000822324
0.473837, 0.000822052
0.474122, 0.000821157
0.474408, 0.000820829
0.474693, 0.000819752
0.474978, 0.000821666
0.475263, 0.000823482
0.475549, 0.000824337
0.475834, 0.000825257
0.476119, 0.000822106
0.476405, 0.000817245
0.47669, 0.000814462
0.476975, 0.000816065
0.47726, 0.000817145
0.477546, 0.00081848
0.477831, 0.000821988
0.478116, 0.000821493
0.478401, 0.000820714
0.478687, 0.000820332
0.478972, 0.000819466
0.479257, 0.000821444
0.479543, 0.000823208
0.479828, 0.000824124
0.480113, 0.000824816
0.480398, 0.000821505
0.480684, 0.000816747
0.480969, 0.000814961
0.481254, 0.000816746
0.481539, 0.000817708
0.481825, 0.000819204
0.48211, 0.000822649
0.482395, 0.000821919
0.482681, 0.00082125
0.482966, 0.000820707
0.483251, 0.000820036
0.483536, 0.000822084
0.483822, 0.000823745
0.484107, 0.000824726
0.484392, 0.000824946
0.484677, 0.000821486
0.484963, 0.00081676
0.485248, 0.000815199
0.485533, 0.000817018
0.485818, 0.000817912
0.486104, 0.000819595
0.486389, 0.000822868
0.486674, 0.000821996
0.48696, 0.000821395
0.487245, 0.000820663
0.48753, 0.000820259
0.487815, 0.000822308
0.488101, 0.000823879
0.488386, 0.000824924
0.488671, 0.000825095
0.488956, 0.000821413
0.489242, 0.000816815
0.489527, 0.000815518
0.489812, 0.000817444
0.490098, 0.000818235
0.490383, 0.000820164
0.490668, 0.000823244
0.490953, 0.000822117
0.491239, 0.000821701
0.491524, 0.000820817
0.491809, 0.000820661
0.492094, 0.000822759
0.49238, 0.000824236
0.492665, 0.000825347
0.49295, 0.000825217
0.493236, 0.000821394
0.493521, 0.000816969
0.493806, 0.000815935
0.494091, 0.000817912
0.494377, 0.000818635
0.494662, 0.000820727
0.494947, 0.000823619
0.495232, 0.000822415
0.495518, 0.000822072
0.495803, 0.00082103
0.496088, 0.000821099
0.496374, 0.000823207
0.496659, 0.000824594
0.496944, 0.000825787
0.497229, 0.000825521
0.497515, 0.00082147
0.4978, 0.000817226
0.498085, 0.000816425
0.49837, 0.000818415
0.498656, 0.000819071
0.498941, 0.000821329
0.499226, 0.000824039
0.499512, 0.000822769
0.499797, 0.000822474
0.500082, 0.000821243
0.500367, 0.000821626
0.500653, 0.000823742
0.500938, 0.000825031
0.501223, 0.000826293
0.501508, 0.000825588
0.501794, 0.000821473
0.502079, 0.000817371
0.502364, 0.000816831
0.50265, 0.000818803
0.502935, 0.000819401
0.50322, 0.00082184
0.503505, 0.00082426
0.503791, 0.000822966
0.504076, 0.000822757
0.504361, 0.000821437
0.504646, 0.000822037
0.504932, 0.000824163
0.505217, 0.000825332
0.505502, 0.000826679
0.505788, 0.00082564
0.506073, 0.000821391
0.506358, 0.000817515
0.506643, 0.000817239
0.506929, 0.00081917
0.507214, 0.000819767
0.507499, 0.000822437
0.507784, 0.000824559
0.50807, 0.000823252
0.508355, 0.000823103
0.50864, 0.000821686
0.508926, 0.000822463
0.509211, 0.000824574
0.509496, 0.000825648
0.509781, 0.000827097
0.510067, 0.000825757
0.510352, 0.000821363
0.510637, 0.000817648
0.510922, 0.000816514
0.511208, 0.000818398
0.511493, 0.00081901
0.511778, 0.000821874
0.512064, 0.000823779
0.512349, 0.000822452
0.512634, 0.000822501
0.512919, 0.000820864
0.513205, 0.000821911
0.51349, 0.000824036
0.513775, 0.000825036
0.51406, 0.000826506
0.514346, 0.000824893
0.514631, 0.000820453
0.514916, 0.000816924
0.515202, 0.000817137
0.515487, 0.000819021
0.515772, 0.000819616
0.516057, 0.000822675
0.516343, 0.00082417
0.516628, 0.000822917
0.516913, 0.000822994
0.517198, 0.000821348
0.517484, 0.000822576
0.517769, 0.000824691
0.518054, 0.000825595
0.51834, 0.000826618
0.518625, 0.000824842
0.51891, 0.000820318
0.519195, 0.000816911
0.519481, 0.000817319
0.519766, 0.000819083
0.520051, 0.000819794
0.520336, 0.000822997
0.520622, 0.000824187
0.520907, 0.000822927
0.521192, 0.000822949
0.521478, 0.000821268
0.521763, 0.000822659
0.522048, 0.000824755
0.522333, 0.00082559
0.522619, 0.000827079
0.522904, 0.000824946
0.523189, 0.000820266
0.523474, 0.000817143
0.52376, 0.000817876
0.524045, 0.00081953
0.52433, 0.000820279
0.524616, 0.000823652
0.524901, 0.000824486
0.525186, 0.000823291
0.525471, 0.000823284
0.525757, 0.000821658
0.526042, 0.000823197
0.526327, 0.000825265
0.526612, 0.00082605
0.526898, 0.000827452
0.527183, 0.00082505
0.527468, 0.000820312
0.527754, 0.000817436
0.528039, 0.000818417
0.528324, 0.000819896
0.528609, 0.000820743
0.528895, 0.000824169
0.52918, 0.000824613
0.529465, 0.000823526
0.52975, 0.000823467
0.530036, 0.000821982
0.530321, 0.000823648
0.530606, 0.000825652
0.530891, 0.000826424
0.531177, 0.000827741
0.531462, 0.000825158
0.531747, 0.000820386
0.532033, 0.000817745
0.532318, 0.00081889
0.532603, 0.000820244
0.532888, 0.00082125
0.533174, 0.000824744
0.533459, 0.0008249
0.533744, 0.000823865
0.534029, 0.000823683
0.534315, 0.000822335
0.5346, 0.00082412
0.534885, 0.000826043
0.535171, 0.000826833
0.535456, 0.000828023
0.535741, 0.000825183
0.536026, 0.000820331
0.536312, 0.000817969
0.536597, 0.000819356
0.536882, 0.000820601
0.537167, 0.00082172
0.537453, 0.000825242
0.537738, 0.000825145
0.538023, 0.000824202
0.538309, 0.000823926
0.538594, 0.000822761
0.538879, 0.000824614
0.539164, 0.000826473
0.53945, 0.000827296
0.539735, 0.000828284
0.54002, 0.000825219
0.540305, 0.000820407
0.540591, 0.000818277
0.540876, 0.000819861
0.541161, 0.000820925
0.541447, 0.000822196
0.541732, 0.000825648
0.542017, 0.000825216
0.542302, 0.000824413
0.542588, 0.000824058
0.542873, 0.000823113
0.543158, 0.000825055
0.543443, 0.000826822
0.543729, 0.000827696
0.544014, 0.000828443
0.544299, 0.000825211
0.544585, 0.000820466
0.54487, 0.000817823
0.545155, 0.000819509
0.54544, 0.00082048
0.545726, 0.000821925
0.546011, 0.000825378
0.546296, 0.000824702
0.546581, 0.000823994
0.546867, 0.000823487
0.547152, 0.000822767
0.547437, 0.000824791
0.547723, 0.00082647
0.548008, 0.000827429
0.548293, 0.000828028
0.548578, 0.000824614
0.548864, 0.00081993
0.549149, 0.00081835
0.549434, 0.000820159
0.549719, 0.000821058
0.550005, 0.000822713
0.55029, 0.00082603
0.550575, 0.000825161
0.550861, 0.000824573
0.551146, 0.000823846
0.551431, 0.000823441
0.551716, 0.000825496
0.552002, 0.000827087
0.552287, 0.000828126
0.552572, 0.000827984
0.552857, 0.000824347
0.553143, 0.000819754
0.553428, 0.000818425
0.553713, 0.000820314
0.553999, 0.000821102
0.554284, 0.000823021
0.554569, 0.0008261
0.554854, 0.000824991
0.55514, 0.000824576
0.555425, 0.000823682
0.55571, 0.000823544
0.555995, 0.000825626
0.556281, 0.000827089
0.556566, 0.000828195
0.556851, 0.000828052
0.557137, 0.000824239
0.557422, 0.000819837
0.557707, 0.000818819
0.557992, 0.000820781
0.558278, 0.000821498
0.558563, 0.000823601
0.558848, 0.00082647
0.559133, 0.00082528
0.559419, 0.000824945
0.559704, 0.000823886
0.559989, 0.000823993
0.560275, 0.000826087
0.56056, 0.000827451
0.560845, 0.000828653
0.56113, 0.000828305
0.561416, 0.000824269
0.561701, 0.000820074
0.561986, 0.000819324
0.562271, 0.000821289
0.562557, 0.000821924
0.562842, 0.000824235
0.563127, 0.000826849
0.563413, 0.000825598
0.563698, 0.00082532
0.563983, 0.000824094
0.564268, 0.000824537
0.564554, 0.000826627
0.564839, 0.00082786
0.565124, 0.000829133
0.565409, 0.000828315
0.565695, 0.000824152
0.56598, 0.000820103
0.566265, 0.000819661
0.566551, 0.000821665
0.566836, 0.000822265
0.567121, 0.000824797
0.567406, 0.000827112
0.567692, 0.000825783
0.567977, 0.000825588
0.568262, 0.00082426
0.568547, 0.000824902
0.568833, 0.000826998
0.569118, 0.000828116
0.569403, 0.000829466
0.569689, 0.000828305
0.569974, 0.000823991
0.570259, 0.000820197
0.570544, 0.000820014
0.57083, 0.000821958
0.571115, 0.000822526
0.5714, 0.000825242
0.571685, 0.000827236
0.571971, 0.000825939
0.572256, 0.00082588
0.572541, 0.000824379
0.572827, 0.000825271
0.573112, 0.00082738
0.573397, 0.000828393
0.573682, 0.000829822
0.573968, 0.000828386
0.574253, 0.000824044
0.574538, 0.000820392
0.574823, 0.000820462
0.575109, 0.000822325
0.575394, 0.00082291
0.575679, 0.000825878
0.575965, 0.000827532
0.57625, 0.000826223
0.576535, 0.000826249
0.57682, 0.000824604
0.577106, 0.000825715
0.577391, 0.000827799
0.577676, 0.000828723
0.577961, 0.000830222
0.578247, 0.00082853
0.578532, 0.000824064
0.578817, 0.000820593
0.579102, 0.000819748
0.579388, 0.000821467
0.579673, 0.000822092
0.579958, 0.000825266
0.580244, 0.000826629
0.580529, 0.000825356
0.580814, 0.00082541
0.581099, 0.00082373
0.581385, 0.000825091
0.58167, 0.000827198
0.581955, 0.00082807
0.58224, 0.000829563
0.582526, 0.000827508
0.582811, 0.000822922
0.583096, 0.000819701
0.583382, 0.000820355
0.583667, 0.000822032
0.583952, 0.000822783
0.584237, 0.00082615
0.584523, 0.000827037
0.584808, 0.000825834
0.585093, 0.000825882
0.585378, 0.000824261
0.585664, 0.000825771
0.585949, 0.000827853
0.586234, 0.000828643
0.58652, 0.000829571
0.586805, 0.000827246
0.58709, 0.000822547
0.587375, 0.000819612
0.587661, 0.000820541
0.587946, 0.000822054
0.588231, 0.000822922
0.588516, 0.000826356
0.588802, 0.000826895
0.589087, 0.000825785
0.589372, 0.000825714
0.589658, 0.000824205
0.589943, 0.000825844
0.590228, 0.00082785
0.590513, 0.000828627
0.590799, 0.000829963
0.591084, 0.000827472
0.591369, 0.000822676
0.591654, 0.00082002
0.59194, 0.000821129
0.592225, 0.000822513
0.59251, 0.000823528
0.592796, 0.000827024
0.593081, 0.000827223
0.593366, 0.000826192
0.593651, 0.000826007
0.593937, 0.00082466
0.594222, 0.00082643
0.594507, 0.000828341
0.594792, 0.000829123
0.595078, 0.000830313
0.595363, 0.000827486
0.595648, 0.000822645
0.595934, 0.000820282
0.596219, 0.00082166
0.596504, 0.000822897
0.596789, 0.000824017
0.597075, 0.00082753
0.59736, 0.000827426
0.597645, 0.000826481
0.59793, 0.000826192
0.598216, 0.000825028
0.598501, 0.000826874
0.598786, 0.000828718
0.599072, 0.000829541
0.599357, 0.000830508
0.599642, 0.000827439
0.599927, 0.00082263
0.600213, 0.000820539
0.600498, 0.000822124
0.600783, 0.000823167
0.601068, 0.000824451
0.601354, 0.000827932
0.601639, 0.000827458
0.601924, 0.000826668
0.60221, 0.000826304
0.602495, 0.000825389
0.60278, 0.000827325
0.603065, 0.000829069
0.603351, 0.000829933
0.603636, 0.000830631
0.603921, 0.00082736
0.604206, 0.00082262
0.604492, 0.000820794
0.604777, 0.000822532
0.605062, 0.000823482
0.605348, 0.000824951
0.605633, 0.000828367
0.605918, 0.000827647
0.606203, 0.000826979
0.606489, 0.000826425
0.606774, 0.000825742
0.607059, 0.000827751
0.607344, 0.000829387
0.60763, 0.000830346
0.607915, 0.000830848
0.6082, 0.000827392
0.608486, 0.000822718
0.608771, 0.000821198
0.609056, 0.000822984
0.609341, 0.000823851
0.609627, 0.000825588
0.609912, 0.000828798
0.610197, 0.000827877
0.610482, 0.000827324
0.610768, 0.000826562
0.611053, 0.000826212
0.611338, 0.000828249
0.611624, 0.000829765
0.611909, 0.000830806
0.612194, 0.000830929
0.612479, 0.000827227
0.612765, 0.000822715
0.61305, 0.000820742
0.613335, 0.000822636
0.61362, 0.000823405
0.613906, 0.000825362
0.614191, 0.000828394
0.614476, 0.000827255
0.614762, 0.00082687
0.615047, 0.000825894
0.615332, 0.000825868
0.615617, 0.000827951
0.615903, 0.000829399
0.616188, 0.000830546
0.616473, 0.0008303
0.616758, 0.000826387
0.617044, 0.000822094
0.617329, 0.000821231
0.617614, 0.000823194
0.6179, 0.000823857
0.618185, 0.000826073
0.61847, 0.000828811
0.618755, 0.000827563
0.619041, 0.00082729
0.619326, 0.000826168
0.619611, 0.000826467
0.619896, 0.000828572
0.620182, 0.000829861
0.620467, 0.000831087
0.620752, 0.000830069
0.621038, 0.000826037
0.621323, 0.000821919
0.621608, 0.000821319
0.621893, 0.000823296
0.622179, 0.00082391
0.622464, 0.00082632
0.622749, 0.000828782
0.623034, 0.000827513
0.62332, 0.000827293
0.623605, 0.000825991
0.62389, 0.00082655
0.624175, 0.000828662
0.624461, 0.000829833
0.624746, 0.000831176
0.625031, 0.000830283
0.625317, 0.000826033
0.625602, 0.000822146
0.625887, 0.000821823
0.626172, 0.000823745
0.626458, 0.000824344
0.626743, 0.000827001
0.627028, 0.000829129
0.627313, 0.000827841
0.627599, 0.000827691
0.627884, 0.000826279
0.628169, 0.000827071
0.628455, 0.000829157
0.62874, 0.000830211
0.629025, 0.000831644
0.62931, 0.000830415
0.629596, 0.000826093
0.629881, 0.000822349
0.630166, 0.000822315
0.630451, 0.000824205
0.630737, 0.000824782
0.631022, 0.000827643
0.631307, 0.000829463
0.631593, 0.000828135
0.631878, 0.000828148
0.632163, 0.000826507
0.632448, 0.00082756
0.632734, 0.000829641
0.633019, 0.000830596
0.633304, 0.00083206
0.633589, 0.000830342
0.633875, 0.000825876
0.63416, 0.000822363
0.634445, 0.000822643
0.634731, 0.000824475
0.635016, 0.000825071
0.635301, 0.000828184
0.635586, 0.000829534
0.635872, 0.000828254
0.636157, 0.000828335
0.636442, 0.000826651
0.636727, 0.000827919
0.637013, 0.000829976
0.637298, 0.000830827
0.637583, 0.000832283
0.637869, 0.000830264
0.638154, 0.000825696
0.638439, 0.000822455
0.638724, 0.000823058
0.63901, 0.000824721
0.639295, 0.000825419
0.63958, 0.000828667
0.639865, 0.000829601
0.640151, 0.000828409
0.640436, 0.000828452
0.640721, 0.000826815
0.641007, 0.000828281
0.641292, 0.000830345
0.641577, 0.000831124
0.641862, 0.000832534
0.642148, 0.00083027
0.642433, 0.000825623
0.642718, 0.00082266
0.643003, 0.000823556
0.643289, 0.000825055
0.643574, 0.00082589
0.643859, 0.000829281
0.644145, 0.000829839
0.64443, 0.000828716
0.644715, 0.000828659
0.645, 0.000827141
0.645286, 0.000828753
0.645571, 0.000830747
0.645856, 0.00083151
0.646141, 0.000832862
0.646427, 0.000830421
0.646712, 0.000825652
0.646997, 0.000822962
0.647283, 0.000822884
0.647568, 0.00082418
0.647853, 0.000825177
0.648138, 0.000828659
0.648424, 0.000828896
0.648709, 0.000827877
0.648994, 0.000827711
0.649279, 0.000826373
0.649565, 0.000828154
0.64985, 0.000830079
0.650135, 0.000830867
0.650421, 0.000832061
0.650706, 0.000829265
0.650991, 0.000824452
0.651276, 0.000822101
0.651562, 0.000823484
0.651847, 0.000824736
0.652132, 0.000825861
0.652417, 0.000829379
0.652703, 0.000829288
0.652988, 0.00082836
0.653273, 0.000828081
0.653559, 0.000826935
0.653844, 0.00082879
0.654129, 0.000830644
0.654414, 0.000831483
0.6547, 0.000831924
0.654985, 0.000828866
0.65527, 0.000824063
0.655555, 0.000821981
0.655841, 0.000823571
0.656126, 0.000824623
0.656411, 0.000825922
0.656697, 0.000829398
0.656982, 0.000828908
0.657267, 0.000828128
0.657552, 0.000827761
0.657838, 0.000826875
0.658123, 0.000828806
0.658408, 0.000830535
0.658693, 0.000831409
0.658979, 0.000832082
0.659264, 0.0008288
0.659549, 0.00082407
0.659835, 0.000822286
0.66012, 0.000824033
0.660405, 0.000824958
0.66069, 0.000826452
0.660976, 0.00082985
0.661261, 0.000829087
0.661546, 0.000828455
0.661831, 0.000827884
0.662117, 0.000827247
0.662402, 0.000829254
0.662687, 0.000830876
0.662973, 0.000831847
0.663258, 0.000832223
0.663543, 0.000828729
0.663828, 0.000824135
0.664114, 0.000822674
0.664399, 0.000824528
0.664684, 0.000825353
0.664969, 0.000827107
0.665255, 0.00083026
0.66554, 0.000829274
0.665825, 0.000828792
0.666111, 0.00082801
0.666396, 0.00082771
0.666681, 0.000829757
0.666966, 0.000831253
0.667252, 0.000832313
0.667537, 0.000832478
0.667822, 0.00082874
0.668107, 0.000824281
0.668393, 0.00082312
0.668678, 0.000825041
0.668963, 0.000825764
0.669248, 0.000827778
0.669534, 0.000830697
0.669819, 0.000829557
0.670104, 0.000829176
0.67039, 0.000828171
0.670675, 0.00082821
0.67096, 0.00083028
0.671245, 0.000831658
0.671531, 0.000832804
0.671816, 0.000832544
0.672101, 0.000828574
0.672386, 0.000824323
0.672672, 0.000823503
0.672957, 0.000825461
0.673242, 0.000826104
0.673528, 0.000828334
0.673813, 0.000831018
0.674098, 0.000829753
0.674383, 0.000829463
0.674669, 0.000828235
0.674954, 0.000828617
0.675239, 0.000830707
0.675524, 0.000831976
0.67581, 0.000833232
0.676095, 0.000832462
0.67638, 0.000828337
0.676666, 0.000824283
0.676951, 0.000823809
0.677236, 0.000825774
0.677521, 0.000826365
0.677807, 0.000828883
0.678092, 0.000831202
0.678377, 0.000829889
0.678662, 0.0008297
0.678948, 0.000828392
0.679233, 0.00082903
0.679518, 0.00083111
0.679804, 0.000832223
0.680089, 0.000833564
0.680374, 0.000832405
0.680659, 0.000828098
0.680945, 0.000824338
0.68123, 0.000823416
0.681515, 0.000825298
0.6818, 0.000825863
0.682086, 0.000828585
0.682371, 0.00083056
0.682656, 0.000829287
0.682942, 0.000829278
0.683227, 0.000827767
0.683512, 0.000828686
0.683797, 0.000830784
0.684083, 0.000831788
0.684368, 0.000833218
0.684653, 0.000831732
0.684938, 0.000827393
0.685224, 0.000823804
0.685509, 0.000823923
0.685794, 0.0008258
0.68608, 0.000826402
0.686365, 0.000829406
0.68665, 0.000831
0.686935, 0.000829733
0.687221, 0.000829788
0.687506, 0.000828155
0.687791, 0.000829311
0.688076, 0.000831389
0.688362, 0.000832294
0.688647, 0.000833386
0.688932, 0.000831655
0.689218, 0.00082716
0.689503, 0.000823772
0.689788, 0.000824156
0.690073, 0.000825897
0.690359, 0.000826598
0.690644, 0.000829776
0.690929, 0.000830932
0.691214, 0.000829688
0.6915, 0.000829713
0.691785, 0.000828064
0.69207, 0.000829449
0.692356, 0.000831508
0.692641, 0.000832314
0.692926, 0.000833777
0.693211, 0.000831714
0.693497, 0.000827096
0.693782, 0.000823991
0.694067, 0.000824724
0.694352, 0.000826304
0.694638, 0.000827054
0.694923, 0.000830419
0.695208, 0.000831171
0.695494, 0.000830012
0.695779, 0.000829961
0.696064, 0.000828405
0.696349, 0.000829948
0.696635, 0.000831962
0.69692, 0.000832717
0.697205, 0.000834076
0.69749, 0.000831645
0.697776, 0.000826876
0.698061, 0.000824119
0.698346, 0.000825152
0.698632, 0.0008266
0.698917, 0.000827493
0.699202, 0.000830954
0.699487, 0.000831298
0.699773, 0.000830218
0.700058, 0.000830079
0.700343, 0.000828644
0.700628, 0.000830343
0.700914, 0.00083229
0.701199, 0.00083306
0.701484, 0.000834289
0.70177, 0.000831541
0.702055, 0.000826748
0.70234, 0.000824278
0.702625, 0.000825594
0.702911, 0.000826839
0.703196, 0.000827885
0.703481, 0.000831395
0.703766, 0.000831312
0.704052, 0.000830371
0.704337, 0.000830167
0.704622, 0.000828979
0.704908, 0.000830774
0.705193, 0.000832617
0.705478, 0.000833401
0.705763, 0.000834398
0.706049, 0.000831409
0.706334, 0.000826624
0.706619, 0.000824448
0.706904, 0.000825984
0.70719, 0.000827052
0.707475, 0.000828317
0.70776, 0.000831767
0.708046, 0.000831368
0.708331, 0.000830564
0.708616, 0.000830201
0.708901, 0.000829237
0.709187, 0.000831141
0.709472, 0.000832887
0.709757, 0.000833749
0.710042, 0.00083449
0.710328, 0.000831285
0.710613, 0.000826578
0.710898, 0.000824735
0.711184, 0.000826444
0.711469, 0.000827386
0.711754, 0.000828828
0.712039, 0.00083223
0.712325, 0.000831522
0.71261, 0.000830856
0.712895, 0.000830312
0.71318, 0.000829628
0.713466, 0.000831617
0.713751, 0.000833241
0.714036, 0.000834186
0.714322, 0.00083469
0.714607, 0.000831253
0.714892, 0.000826599
0.715177, 0.000823835
0.715463, 0.000825518
0.715748, 0.000826388
0.716033, 0.000828138
0.716318, 0.000831336
0.716604, 0.000830404
0.716889, 0.000829879
0.717174, 0.000829132
0.717459, 0.000828826
0.717745, 0.00083087
0.71803, 0.000832386
0.718315, 0.000833444
0.718601, 0.000833644
0.718886, 0.000829958
0.719171, 0.000825512
0.719456, 0.00082433
0.719742, 0.000826261
0.720027, 0.000827004
0.720312, 0.000828972
0.720597, 0.000831952
0.720883, 0.00083085
0.721168, 0.000830474
0.721453, 0.000829503
0.721739, 0.000829532
0.722024, 0.000831592
0.722309, 0.00083299
0.722594, 0.000834141
0.72288, 0.000833284
0.723165, 0.000829361
0.72345, 0.000825117
0.723735, 0.000824307
0.724021, 0.000826281
0.724306, 0.000826933
0.724591, 0.000829173
0.724877, 0.000831872
0.725162, 0.000830612
0.725447, 0.000830325
0.725732, 0.000829111
0.726018, 0.000829486
0.726303, 0.000831574
0.726588, 0.000832846
0.726873, 0.000834102
0.727159, 0.000833367
0.727444, 0.00082926
0.727729, 0.000825214
0.728015, 0.000824735
0.7283, 0.000826705
0.728585, 0.000827295
0.72887, 0.000829806
0.729156, 0.000832114
0.729441, 0.000830801
0.729726, 0.000830623
0.730011, 0.000829317
0.730297, 0.000829957
0.730582, 0.000832034
0.730867, 0.000833145
0.731153, 0.000834487
0.731438, 0.000833327
0.731723, 0.000829038
0.732008, 0.000825282
0.732294, 0.000825117
0.732579, 0.000827028
0.732864, 0.000827587
0.733149, 0.000830303
0.733435, 0.000832255
0.73372, 0.000830976
0.734005, 0.000830981
0.734291, 0.000829431
0.734576, 0.000830349
0.734861, 0.00083243
0.735146, 0.000833413
0.735432, 0.000834828
0.735717, 0.000833313
0.736002, 0.000828956
0.736287, 0.000825385
0.736573, 0.000825514
0.736858, 0.000827362
0.737143, 0.000827947
0.737429, 0.00083096
0.737714, 0.000832486
0.737999, 0.000831236
0.738284, 0.000831285
0.73857, 0.000829633
0.738855, 0.000830802
0.73914, 0.000832871
0.739425, 0.000833748
0.739711, 0.00083521
0.739996, 0.000833353
0.740281, 0.000828894
0.740567, 0.000825569
0.740852, 0.000826071
0.741137, 0.000827752
0.741422, 0.00082844
0.741708, 0.000831625
0.741993, 0.000832699
0.742278, 0.00083147
0.742563, 0.000831507
0.742849, 0.000829861
0.743134, 0.000831262
0.743419, 0.000833313
0.743705, 0.00083411
0.74399, 0.000835551
0.744275, 0.000833404
0.74456, 0.000828787
0.744846, 0.000825755
0.745131, 0.000826532
0.745416, 0.000828075
0.745701, 0.000828909
0.745987, 0.000832279
0.746272, 0.000832911
0.746557, 0.000831766
0.746843, 0.000831705
0.747128, 0.000830171
0.747413, 0.000831759
0.747698, 0.000833744
0.747984, 0.000834498
0.748269, 0.00083586
0.748554, 0.000833478
0.748839, 0.000828742
0.749125, 0.000826014
0.74941, 0.000826335
0.749695, 0.000827678
0.749981, 0.000828609
0.750266, 0.000832089
0.750551, 0.000832371
0.750836, 0.000831344
0.751122, 0.000831177
0.751407, 0.000829825
0.751692, 0.000831574
0.751977, 0.000833489
0.752263, 0.000834268
0.752548, 0.000835447
0.752833, 0.000832693
0.753119, 0.00082788
0.753404, 0.000825517
0.753689, 0.00082688
0.753974, 0.000828129
0.75426, 0.00082923
0.754545, 0.000832735
0.75483, 0.000832654
0.755115, 0.00083173
0.755401, 0.000831442
0.755686, 0.000830301
0.755971, 0.000832143
0.756257, 0.000833986
0.756542, 0.000834819
0.756827, 0.000835355
0.757112, 0.000832298
0.757398, 0.000827501
0.757683, 0.000825442
0.757968, 0.000827035
0.758253, 0.000828087
0.758539, 0.000829376
0.758824, 0.000832826
0.759109, 0.000832327
0.759395, 0.00083155
0.75968, 0.000831156
0.759965, 0.000830282
0.76025, 0.000832191
0.760536, 0.000833895
0.760821, 0.000834777
0.761106, 0.00083543
0.761391, 0.000832113
0.761677, 0.000827412
0.761962, 0.000825696
0.762247, 0.000827449
0.762532, 0.000828332
0.762818, 0.000829915
0.763103, 0.000833214
0.763388, 0.000832388
0.763674, 0.00083179
0.763959, 0.000831164
0.764244, 0.000830642
0.764529, 0.000832641
0.764815, 0.00083422
0.7651, 0.000835179
0.765385, 0.000835462
0.76567, 0.000831926
0.765956, 0.000827345
0.766241, 0.000825954
0.766526, 0.000827811
0.766812, 0.000828599
0.767097, 0.000830402
0.767382, 0.000833496
0.767667, 0.000832445
0.767953, 0.00083202
0.768238, 0.000831186
0.768523, 0.000830947
0.768808, 0.000832991
0.769094, 0.000834445
0.769379, 0.000835527
0.769664, 0.000835432
0.76995, 0.000831679
0.770235, 0.000827313
0.77052, 0.00082629
0.770805, 0.000828204
0.771091, 0.000828883
0.771376, 0.000830961
0.771661, 0.00083379
0.771946, 0.000832612
0.772232, 0.000832299
0.772517, 0.000831241
0.772802, 0.000831361
0.773088, 0.000833444
0.773373, 0.000834756
0.773658, 0.000835933
0.773943, 0.000835492
0.774229, 0.000831533
0.774514, 0.000827385
0.774799, 0.0008267
0.775084, 0.00082864
0.77537, 0.000829243
0.775655, 0.00083158
0.77594, 0.000834066
0.776226, 0.000832812
0.776511, 0.000832577
0.776796, 0.000831308
0.777081, 0.000831824
0.777367, 0.000833895
0.777652, 0.000835078
0.777937, 0.000836383
0.778222, 0.000835631
0.778508, 0.000831414
0.778793, 0.00082751
0.779078, 0.000827138
0.779364, 0.000829035
0.779649, 0.000829616
0.779934, 0.000832228
0.780219, 0.000834373
0.780505, 0.000833101
0.78079, 0.000832949
0.781075, 0.000831547
0.78136, 0.000832333
0.781646, 0.0008344
0.781931, 0.000835439
0.782216, 0.000836852
0.782502, 0.000835603
0.782787, 0.000831304
0.783072, 0.000827596
0.783357, 0.000826358
0.783643, 0.000828148
0.783928, 0.000828739
0.784213, 0.000831616
0.784498, 0.000833411
0.784784, 0.000832138
0.785069, 0.000832169
0.785354, 0.000830566
0.78564, 0.000831656
0.785925, 0.000833736
0.78621, 0.00083467
0.786495, 0.00083615
0.786781, 0.000834429
0.787066, 0.000829973
0.787351, 0.000826562
0.787636, 0.000826894
0.787922, 0.00082872
0.788207, 0.000829345
0.788492, 0.000832493
0.788778, 0.000833842
0.789063, 0.000832575
0.789348, 0.000832621
0.789633, 0.000830958
0.789919, 0.000832292
0.790204, 0.000834356
0.790489, 0.000835199
0.790774, 0.000836102
0.79106, 0.00083404
0.791345, 0.000829426
0.79163, 0.000826271
0.791916, 0.00082696
0.792201, 0.000828606
0.792486, 0.000829337
0.792771, 0.000832672
0.793057, 0.00083349
0.793342, 0.000832305
0.793627, 0.000832288
0.793912, 0.000830679
0.794198, 0.000832193
0.794483, 0.000834224
0.794768, 0.000834987
0.795054, 0.000836379
0.795339, 0.000833982
0.795624, 0.000829268
0.795909, 0.000826454
0.796195, 0.000827469
0.79648, 0.00082889
0.796765, 0.000829753
0.79705, 0.000833208
0.797336, 0.000833543
0.797621, 0.000832475
0.797906, 0.000832406
0.798192, 0.000830973
0.798477, 0.000832635
0.798762, 0.000834572
0.799047, 0.000835317
0.799333, 0.000836536
0.799618, 0.00083384
0.799903, 0.000829076
0.800188, 0.000826588
0.800474, 0.000827878
0.800759, 0.000829113
0.801044, 0.00083014
0.80133, 0.000833639
0.801615, 0.000833577
0.8019, 0.000832645
0.802185, 0.000832454
0.802471, 0.000831257
0.802756, 0.000833037
0.803041, 0.00083488
0.803326, 0.000835655
0.803612, 0.000836666
0.803897, 0.000833711
0.804182, 0.000828949
0.804468, 0.000826771
0.804753, 0.000828295
0.805038, 0.00082935
0.805323, 0.000830613
0.805609, 0.00083405
0.805894, 0.000833649
0.806179, 0.000832853
0.806464, 0.000832489
0.80675, 0.000831529
0.807035, 0.000833424
0.80732, 0.000835158
0.807606, 0.000836015
0.807891, 0.000836743
0.808176, 0.000833527
0.808461, 0.000828825
0.808747, 0.000827001
0.809032, 0.000828704
0.809317, 0.00082962
0.809602, 0.00083108
0.809888, 0.000834472
0.810173, 0.000833745
0.810458, 0.000833107
0.810743, 0.000832549
0.811029, 0.000831896
0.811314, 0.000833875
0.811599, 0.000835489
0.811885, 0.000836439
0.81217, 0.000836827
0.812455, 0.000833363
0.81274, 0.00082879
0.813026, 0.000827333
0.813311, 0.00082917
0.813596, 0.000829981
0.813881, 0.000831723
0.814167, 0.000834855
0.814452, 0.000833869
0.814737, 0.000833401
0.815023, 0.000832613
0.815308, 0.000832334
0.815593, 0.00083437
0.815878, 0.000835847
0.816164, 0.000836912
0.816449, 0.000837
0.816734, 0.000833261
0.817019, 0.000828858
0.817305, 0.000826995
0.81759, 0.000828846
0.817875, 0.000829563
0.818161, 0.000831611
0.818446, 0.000834502
0.818731, 0.000833346
0.819016, 0.000833025
0.819302, 0.000832002
0.819587, 0.000832115
0.819872, 0.000834185
0.820157, 0.000835549
0.820443, 0.000836733
0.820728, 0.000836466
0.821013, 0.000832494
0.821299, 0.000828332
0.821584, 0.00082758
0.821869, 0.000829516
0.822154, 0.000830151
0.82244, 0.000832464
0.822725, 0.000835032
0.82301, 0.000833794
0.823295, 0.000833538
0.823581, 0.000832296
0.823866, 0.000832788
0.824151, 0.000834865
0.824437, 0.000836068
0.824722, 0.000837352
0.825007, 0.000836206
0.825292, 0.000832025
0.825578, 0.00082811
0.825863, 0.00082771
0.826148, 0.000829634
0.826433, 0.000830224
0.826719, 0.000832786
0.827004, 0.000834994
0.827289, 0.000833732
0.827575, 0.000833559
0.82786, 0.000832184
0.828145, 0.000832943
0.82843, 0.000835014
0.828716, 0.000836064
0.829001, 0.000837469
0.829286, 0.000836298
0.829571, 0.000831942
0.829857, 0.000828213
0.830142, 0.000828159
0.830427, 0.000830051
0.830713, 0.000830642
0.830998, 0.000833475
0.831283, 0.000835309
0.831568, 0.000833992
0.831854, 0.000833996
0.832139, 0.00083237
0.832424, 0.000833408
0.832709, 0.000835449
0.832995, 0.000836374
0.83328, 0.00083783
0.833565, 0.000836127
0.833851, 0.000831688
0.834136, 0.000828219
0.834421, 0.000828513
0.834706, 0.000830315
0.834992, 0.000830905
0.835277, 0.000834014
0.835562, 0.000835363
0.835847, 0.000834079
0.836133, 0.000834112
0.836418, 0.000832417
0.836703, 0.000833713
0.836989, 0.000835764
0.837274, 0.000836601
0.837559, 0.000838047
0.837844, 0.000835976
0.83813, 0.000831385
0.838415, 0.000828227
0.8387, 0.000828905
0.838985, 0.000830533
0.839271, 0.000831248
0.839556, 0.000834561
0.839841, 0.000835338
0.840127, 0.000834162
0.840412, 0.000834155
0.840697, 0.00083255
0.840982, 0.000834046
0.841268, 0.000836065
0.841553, 0.000836814
0.841838, 0.000838194
0.842123, 0.000835803
0.842409, 0.000831094
0.842694, 0.00082828
0.842979, 0.000829291
0.843265, 0.000830701
0.84355, 0.000831556
0.843835, 0.000835001
0.84412, 0.000835335
0.844406, 0.000834269
0.844691, 0.000834199
0.844976, 0.000832756
0.845261, 0.000834405
0.845547, 0.000836331
0.845832, 0.00083707
0.846117, 0.000838302
0.846403, 0.000835606
0.846688, 0.000830847
0.846973, 0.00082836
0.847258, 0.000829657
0.847544, 0.000830887
0.847829, 0.000831915
0.848114, 0.000835407
0.848399, 0.000835338
0.848685, 0.000834411
0.84897, 0.000834213
0.849255, 0.00083303
0.849541, 0.000834808
0.849826, 0.000836641
0.850111, 0.000837417
0.850396, 0.000838401
0.850682, 0.000835423
0.850967, 0.000830659
0.851252, 0.000827212
0.851537, 0.000828653
0.851823, 0.000829712
0.852108, 0.000830978
0.852393, 0.000834408
0.852679, 0.000833999
0.852964, 0.000833235
0.853249, 0.000832896
0.853534, 0.000831966
0.85382, 0.000833886
0.854105, 0.00083563
0.85439, 0.000836505
0.854675, 0.00083722
0.854961, 0.000834006
0.855246, 0.000829322
0.855531, 0.000827542
0.855816, 0.000829276
0.856102, 0.000830199
0.856387, 0.000831698
0.856672, 0.000835094
0.856958, 0.000834354
0.857243, 0.000833747
0.857528, 0.00083319
0.857813, 0.000832567
0.858099, 0.00083456
0.858384, 0.000836167
0.858669, 0.000837143
0.858954, 0.000836931
0.85924, 0.000833459
0.859525, 0.000828905
0.85981, 0.000827477
0.860096, 0.000829319
0.860381, 0.000830124
0.860666, 0.000831903
0.860951, 0.000835026
0.861237, 0.000834026
0.861522, 0.000833595
0.861807, 0.000832789
0.862092, 0.000832545
0.862378, 0.000834585
0.862663, 0.000836056
0.862948, 0.000837133
0.863234, 0.000837076
0.863519, 0.000833357
0.863804, 0.000829006
0.864089, 0.000827971
0.864375, 0.000829887
0.86466, 0.000830574
0.864945, 0.000832631
0.86523, 0.000835457
0.865516, 0.000834288
0.865801, 0.00083397
0.866086, 0.000832925
0.866372, 0.000833061
0.866657, 0.000835148
0.866942, 0.000836469
0.867227, 0.000837646
0.867513, 0.000837255
0.867798, 0.000833282
0.868083, 0.000829135
0.868368, 0.000828425
0.868654, 0.000830385
0.868939, 0.000830992
0.869224, 0.000833328
0.86951, 0.00083581
0.869795, 0.00083456
0.87008, 0.000834325
0.870365, 0.000833051
0.870651, 0.000833577
0.870936, 0.000835648
0.871221, 0.000836831
0.871506, 0.000838143
0.871792, 0.00083729
0.872077, 0.000833092
0.872362, 0.00082923
0.872648, 0.000828884
0.872933, 0.000830773
0.873218, 0.000831358
0.873503, 0.000833991
0.873789, 0.000836095
0.874074, 0.000834819
0.874359, 0.000834703
0.874644, 0.000833283
0.87493, 0.000834096
0.875215, 0.000836155
0.8755, 0.000837183
0.875786, 0.000838614
0.876071, 0.000837349
0.876356, 0.000833038
0.876641, 0.000829357
0.876927, 0.000829358
0.877212, 0.000831195
0.877497, 0.00083177
0.877782, 0.000834684
0.878068, 0.000836358
0.878353, 0.000835066
0.878638, 0.000835085
0.878924, 0.000833459
0.879209, 0.000834571
0.879494, 0.000836619
0.879779, 0.000837518
0.880065, 0.000839001
0.88035, 0.000837296
0.880635, 0.000832859
0.88092, 0.000829448
0.881206, 0.000829795
0.881491, 0.000831533
0.881776, 0.000832209
0.882062, 0.000835331
0.882347, 0.000836538
0.882632, 0.000835302
0.882917, 0.000835319
0.883203, 0.000833668
0.883488, 0.000835028
0.883773, 0.000837066
0.884058, 0.000837861
0.884344, 0.000839294
0.884629, 0.000837311
0.884914, 0.000832697
0.8852, 0.000829591
0.885485, 0.000829595
0.88577, 0.000831122
0.886055, 0.000831923
0.886341, 0.000835273
0.886626, 0.000835996
0.886911, 0.000834859
0.887196, 0.000834797
0.887482, 0.000833252
0.887767, 0.000834829
0.888052, 0.000836821
0.888338, 0.000837577
0.888623, 0.000838944
0.888908, 0.00083661
0.889193, 0.00083185
0.889479, 0.000829125
0.889764, 0.000830175
0.890049, 0.000831572
0.890334, 0.000832503
0.89062, 0.00083598
0.890905, 0.00083628
0.89119, 0.000835252
0.891476, 0.000835073
0.891761, 0.000833713
0.892046, 0.00083543
0.892331, 0.000837329
0.892617, 0.000838094
0.892902, 0.000838849
0.893187, 0.000836083
0.893472, 0.000831293
0.893758, 0.000828938
0.894043, 0.000830283
0.894328, 0.000831488
0.894614, 0.000832589
0.894899, 0.00083607
0.895184, 0.000835941
0.895469, 0.000835022
0.895755, 0.000834725
0.89604, 0.000833621
0.896325, 0.000835429
0.89661, 0.000837224
0.896896, 0.000838033
0.897181, 0.000838942
0.897466, 0.000835888
0.897752, 0.000831104
0.898037, 0.000829122
0.898322, 0.000830706
0.898607, 0.000831723
0.898893, 0.00083303
0.899178, 0.000836493
0.899463, 0.000835957
0.899748, 0.000835188
0.900034, 0.000834723
0.900319, 0.000833878
0.900604, 0.000835808
0.900889, 0.000837497
0.901175, 0.000838393
0.90146, 0.000838975
0.901745, 0.000835639
0.902031, 0.000830942
0.902316, 0.000829307
0.902601, 0.000831064
0.902886, 0.000831953
0.903172, 0.000833567
0.903457, 0.00083684
0.903742, 0.000835966
0.904027, 0.000835372
0.904313, 0.000834646
0.904598, 0.000834192
0.904883, 0.000836181
0.905169, 0.000837729
0.905454, 0.000838728
0.905739, 0.000838924
0.906024, 0.000835315
0.90631, 0.000830785
0.906595, 0.000829516
0.90688, 0.000831414
0.907165, 0.00083216
0.907451, 0.000834062
0.907736, 0.000837041
0.908021, 0.00083591
0.908307, 0.000835521
0.908592, 0.000834571
0.908877, 0.000834501
0.909162, 0.00083653
0.909448, 0.000837947
0.909733, 0.000839049
0.910018, 0.000838814
0.910303, 0.000834942
0.910589, 0.000830673
0.910874, 0.000829804
0.911159, 0.000831724
0.911445, 0.000832362
0.91173, 0.000834563
0.912015, 0.000837235
0.9123, 0.000835976
0.912586, 0.000835707
0.912871, 0.000834554
0.913156, 0.000834886
0.913441, 0.000836931
0.913727, 0.000838175
0.914012, 0.000839383
0.914297, 0.000838685
0.914583, 0.000834624
0.914868, 0.000830604
0.915153, 0.00083011
0.915438, 0.000832028
0.915724, 0.000832601
0.916009, 0.000835091
0.916294, 0.000837394
0.916579, 0.000836106
0.916865, 0.000835937
0.91715, 0.000834642
0.917435, 0.000835265
0.917721, 0.000837316
0.918006, 0.000838405
0.918291, 0.000839757
0.918576, 0.000838584
0.918862, 0.000834317
0.919147, 0.000830593
0.919432, 0.000829237
0.919717, 0.000831036
0.920003, 0.000831597
0.920288, 0.000834383
0.920573, 0.000836284
0.920859, 0.000835014
0.921144, 0.000835082
0.921429, 0.000833529
0.921714, 0.000834483
0.922, 0.000836553
0.922285, 0.00083752
0.92257, 0.000838932
0.922855, 0.000837372
0.923141, 0.000832996
0.923426, 0.000829519
0.923711, 0.000829728
0.923997, 0.000831552
0.924282, 0.000832135
0.924567, 0.000835222
0.924852, 0.000836633
0.925138, 0.000835404
0.925423, 0.000835512
0.925708, 0.000833874
0.925993, 0.00083511
0.926279, 0.000837157
0.926564, 0.000838006
0.926849, 0.000838851
0.927135, 0.000836895
0.92742, 0.00083238
0.927705, 0.000829161
0.92799, 0.000829753
0.928276, 0.000831388
0.928561, 0.00083208
0.928846, 0.000835329
0.929131, 0.000836229
0.929417, 0.000835064
0.929702, 0.000835116
0.929987, 0.000833521
0.930273, 0.00083498
0.930558, 0.00083701
0.930843, 0.000837765
0.931128, 0.000839146
0.931414, 0.000836852
0.931699, 0.0008322
0.931984, 0.000829327
0.932269, 0.000830261
0.932555, 0.000831708
0.93284, 0.000832554
0.933125, 0.000835947
0.933411, 0.000836386
0.933696, 0.000835329
0.933981, 0.000835264
0.934266, 0.00083379
0.934552, 0.00083542
0.934837, 0.000837368
0.935122, 0.000838118
0.935407, 0.000839369
0.935693, 0.000836741
0.935978, 0.000832016
0.936263, 0.000829478
0.936549, 0.000830722
0.936834, 0.000831979
0.937119, 0.000833012
0.937404, 0.000836473
0.93769, 0.000836481
0.937975, 0.000835553
0.93826, 0.000835348
0.938545, 0.000834124
0.938831, 0.00083588
0.939116, 0.000837723
0.939401, 0.00083851
0.939687, 0.00083954
0.939972, 0.000836614
0.940257, 0.00083188
0.940542, 0.000829695
0.940828, 0.0008312
0.941113, 0.000832256
0.941398, 0.000833515
0.941683, 0.000836949
0.941969, 0.000836568
0.942254, 0.000835784
0.942539, 0.000835425
0.942825, 0.000834467
0.94311, 0.000836347
0.943395, 0.000838069
0.94368, 0.000838926
0.943966, 0.000839645
0.944251, 0.000836438
0.944536, 0.000831759
0.944821, 0.000829951
0.945107, 0.000831649
0.945392, 0.000832549
0.945677, 0.000834016
0.945963, 0.000837387
0.946248, 0.000836642
0.946533, 0.000836023
0.946818, 0.000835456
0.947104, 0.000834824
0.947389, 0.000836801
0.947674, 0.000838394
0.947959, 0.00083935
0.948245, 0.00083969
0.94853, 0.00083621
0.948815, 0.000831664
0.9491, 0.000830236
0.949386, 0.000832064
0.949671, 0.000832854
0.949956, 0.000834633
0.950242, 0.000837737
0.950527, 0.000836719
0.950812, 0.000836293
0.951097, 0.000835474
0.951383, 0.000835231
0.951668, 0.000837256
0.951953, 0.000838706
0.952238, 0.000839782
0.952524, 0.000839691
0.952809, 0.00083596
0.953094, 0.000831622
0.95338, 0.000829889
0.953665, 0.000831747
0.95395, 0.000832426
0.954235, 0.000834506
0.954521, 0.000837323
0.954806, 0.000836158
0.955091, 0.000835867
0.955376, 0.000834816
0.955662, 0.000834984
0.955947, 0.000837064
0.956232, 0.000838373
0.956518, 0.000839568
0.956803, 0.000839035
0.957088, 0.000835105
0.957373, 0.000831029
0.957659, 0.000830399
0.957944, 0.000832338
0.958229, 0.000832945
0.958514, 0.000835313
0.9588, 0.000837754
0.959085, 0.000836519
0.95937, 0.000836314
0.959656, 0.000835033
0.959941, 0.000835602
0.960226, 0.00083768
0.960511, 0.000838835
0.960797, 0.00083973
0.961082, 0.000838726
0.961367, 0.000834557
0.961652, 0.000830764
0.961938, 0.000830493
0.962223, 0.000832395
0.962508, 0.000832958
0.962794, 0.00083561
0.963079, 0.000837626
0.963364, 0.000836365
0.963649, 0.00083629
0.963935, 0.000834836
0.96422, 0.000835685
0.964505, 0.000837759
0.96479, 0.000838761
0.965076, 0.000840158
0.965361, 0.000838714
0.965646, 0.000834428
0.965932, 0.000830848
0.966217, 0.000830928
0.966502, 0.000832766
0.966787, 0.000833341
0.967073, 0.000836302
0.967358, 0.000837858
0.967643, 0.000836594
0.967928, 0.000836638
0.968214, 0.000835011
0.968499, 0.000836165
0.968784, 0.000838221
0.96907, 0.000839099
0.969355, 0.000840534
0.96964, 0.000838676
0.969925, 0.000834245
0.970211, 0.000830941
0.970496, 0.000831432
0.970781, 0.000833088
0.971066, 0.000833773
0.971352, 0.000836951
0.971637, 0.000837987
0.971922, 0.000836781
0.972208, 0.000836809
0.972493, 0.000835185
0.972778, 0.000836595
0.973063, 0.000838638
0.973349, 0.000839418
0.973634, 0.000840814
0.973919, 0.000838596
0.974204, 0.000834005
0.97449, 0.000831052
0.974775, 0.000831916
0.97506, 0.000833385
0.975346, 0.000834206
0.975631, 0.000837559
0.975916, 0.000838089
0.976201, 0.000836987
0.976487, 0.000836918
0.976772, 0.00083544
0.977057, 0.000837045
0.977342, 0.000839016
0.977628, 0.000839757
0.977913, 0.000841032
0.978198, 0.00083847
0.978484, 0.000833786
0.978769, 0.000831191
0.979054, 0.000832371
0.979339, 0.000833653
0.979625, 0.000834646
0.97991, 0.000838079
0.980195, 0.000838159
0.98048, 0.000837185
0.980766, 0.000836987
0.981051, 0.000835741
0.981336, 0.000837489
0.981622, 0.000839357
0.981907, 0.000840124
0.982192, 0.000841184
0.982477, 0.000838311
0.982763, 0.000833602
0.983048, 0.000831362
0.983333, 0.000832824
0.983618, 0.000833914
0.983904, 0.000835117
0.984189, 0.00083854
0.984474, 0.000838213
0.98476, 0.000837386
0.985045, 0.000837038
0.98533, 0.000836067
0.985615, 0.000837938
0.985901, 0.000839686
0.986186, 0.000840519
0.986471, 0.000841272
0.986756, 0.000838114
0.987042, 0.000833445
0.987327, 0.00083026
0.987612, 0.000831824
0.987898, 0.000832764
0.988183, 0.0008342
0.988468, 0.000837591
0.988753, 0.000836899
0.989039, 0.000836259
0.989324, 0.000835726
0.989609, 0.000835083
0.989894, 0.00083707
0.99018, 0.000838702
0.990465, 0.000839655
0.99075, 0.000840058
0.991036, 0.000836627
0.991321, 0.00083209
0.991606, 0.000830644
0.991891, 0.000832479
0.992177, 0.000833299
0.992462, 0.000835051
0.992747, 0.000838176
0.993032, 0.000837195
0.993318, 0.000836747
0.993603, 0.00083596
0.993888, 0.000835713
0.994173, 0.000837743
0.994459, 0.000839224
0.994744, 0.00084029
0.995029, 0.00083966
0.995315, 0.00083597
0.9956, 0.000831628
0.995885, 0.000830584
0.99617, 0.000832483
0.996456, 0.000833162
0.996741, 0.000835207
0.997026, 0.000838021
0.997311, 0.000836852
0.997597, 0.000836535
0.997882, 0.00083549
0.998167, 0.000835636
0.998453, 0.000837711
0.998738, 0.000839023
0.999023, 0.000840196
0.999308, 0.000839682
0.999594, 0.000835754
0.999879, 0.000831661
