x, y
0, 0
0.000285272, 1.96222e-06
0.000570544, 4.61681e-06
0.000855816, 7.90507e-06
0.00114109, 1.17296e-05
0.00142636, 1.55455e-05
0.00171163, 1.97962e-05
0.00199691, 2.47535e-05
0.00228218, 2.99984e-05
0.00256745, 3.55838e-05
0.00285272, 4.17871e-05
0.00313799, 4.88407e-05
0.00342327, 5.60862e-05
0.00370854, 6.23926e-05
0.00399381, 6.68143e-05
0.00427908, 6.95066e-05
0.00456435, 6.92872e-05
0.00484963, 6.60735e-05
0.0051349, 5.94003e-05
0.00542017, 5.1204e-05
0.00570544, 4.48051e-05
0.00599072, 4.37886e-05
0.00627599, 4.87815e-05
0.00656126, 5.68811e-05
0.00684653, 6.47763e-05
0.0071318, 7.05817e-05
0.00741708, 7.43124e-05
0.00770235, 7.70056e-05
0.00798762, 7.9393e-05
0.00827289, 8.21579e-05
0.00855816, 8.43711e-05
0.00884344, 8.53112e-05
0.00912871, 8.38526e-05
0.00941398, 7.91388e-05
0.00969925, 7.15172e-05
0.00998453, 6.31188e-05
0.0102698, 5.72548e-05
0.0105551, 5.62383e-05
0.0108403, 6.01812e-05
0.0111256, 6.69688e-05
0.0114109, 7.37507e-05
0.0116962, 7.85442e-05
0.0119814, 8.18974e-05
0.0122667, 8.39229e-05
0.012552, 8.56107e-05
0.0128372, 8.68265e-05
0.0131225, 8.78729e-05
0.0134078, 8.71383e-05
0.0136931, 8.41797e-05
0.0139783, 7.81471e-05
0.0142636, 7.02923e-05
0.0145489, 6.32777e-05
0.0148342, 5.98207e-05
0.0151194, 6.09769e-05
0.0154047, 6.5975e-05
0.01569, 7.23825e-05
0.0159752, 7.80267e-05
0.0162605, 8.1902e-05
0.0165458, 8.44673e-05
0.0168311, 8.63438e-05
0.0171163, 8.79013e-05
0.0174016, 8.9168e-05
0.0176869, 8.94837e-05
0.0179721, 8.76348e-05
0.0182574, 8.29298e-05
0.0185427, 7.56673e-05
0.018828, 6.78794e-05
0.0191132, 6.27059e-05
0.0193985, 6.18245e-05
0.0196838, 6.54908e-05
0.0199691, 7.17428e-05
0.0202543, 7.80863e-05
0.0205396, 8.26537e-05
0.0208249, 8.58949e-05
0.0211101, 8.80286e-05
0.0213954, 8.98732e-05
0.0216807, 9.15113e-05
0.021966, 9.26505e-05
0.0222512, 9.1849e-05
0.0225365, 8.84426e-05
0.0228218, 8.2312e-05
0.023107, 7.47056e-05
0.0233923, 6.83933e-05
0.0236776, 6.58209e-05
0.0239629, 6.76467e-05
0.0242481, 7.29865e-05
0.0245334, 7.94253e-05
0.0248187, 8.49255e-05
0.025104, 8.86453e-05
0.0253892, 9.09531e-05
0.0256745, 9.26298e-05
0.0259598, 9.41979e-05
0.026245, 9.56232e-05
0.0265303, 9.58911e-05
0.0268156, 9.39376e-05
0.0271009, 8.92408e-05
0.0273861, 8.24701e-05
0.0276714, 7.56248e-05
0.0279567, 7.16057e-05
0.0282419, 7.14578e-05
0.0285272, 7.51748e-05
0.0288125, 8.10193e-05
0.0290978, 8.6803e-05
0.029383, 9.09003e-05
0.0296683, 9.38304e-05
0.0299536, 9.55904e-05
0.0302388, 9.70176e-05
0.0305241, 9.8397e-05
0.0308094, 9.92902e-05
0.0310947, 9.82574e-05
0.0313799, 9.48545e-05
0.0316652, 8.89707e-05
0.0319505, 8.19968e-05
0.0322358, 7.66281e-05
0.032521, 7.47444e-05
0.0328063, 7.67283e-05
0.0330916, 8.15841e-05
0.0333768, 8.72829e-05
0.0336621, 9.20565e-05
0.0339474, 9.53509e-05
0.0342327, 9.73376e-05
0.0345179, 9.89435e-05
0.0348032, 0.00010041
0.0350885, 0.00010158
0.0353737, 0.000101366
0.035659, 9.90313e-05
0.0359443, 9.40978e-05
0.0362296, 8.73908e-05
0.0365148, 8.10847e-05
0.0368001, 7.77702e-05
0.0370854, 7.80829e-05
0.0373707, 8.18765e-05
0.0376559, 8.73697e-05
0.0379412, 9.26494e-05
0.0382265, 9.62905e-05
0.0385117, 9.88474e-05
0.038797, 0.000100655
0.0390823, 0.000102219
0.0393676, 0.000103476
0.0396528, 0.000103986
0.0399381, 0.000102564
0.0402234, 9.87118e-05
0.0405086, 9.26556e-05
0.0407939, 8.60012e-05
0.0410792, 8.14872e-05
0.0413645, 8.04079e-05
0.0416497, 8.29855e-05
0.041935, 8.79632e-05
0.0422203, 9.34214e-05
0.0425056, 9.7612e-05
0.0427908, 0.000100634
0.0430761, 0.000102544
0.0433614, 0.000104172
0.0436466, 0.000105498
0.0439319, 0.000106458
0.0442172, 0.000105791
0.0445025, 0.000102981
0.0447877, 9.77656e-05
0.045073, 9.12703e-05
0.0453583, 8.58681e-05
0.0456435, 8.35721e-05
0.0459288, 8.47976e-05
0.0462141, 8.89401e-05
0.0464994, 9.42826e-05
0.0467846, 9.90723e-05
0.0470699, 0.000102415
0.0473552, 0.000104555
0.0476405, 0.000106173
0.0479257, 0.000107472
0.048211, 0.000108603
0.0484963, 0.000108644
0.0487815, 0.000106763
0.0490668, 0.000102384
0.0493521, 9.62615e-05
0.0496374, 9.02308e-05
0.0499226, 8.68594e-05
0.0502079, 8.67475e-05
0.0504932, 8.99157e-05
0.0507784, 9.49232e-05
0.0510637, 9.9992e-05
0.051349, 0.000103597
0.0516343, 0.000106161
0.0519195, 0.000107847
0.0522048, 0.000109208
0.0524901, 0.000110328
0.0527754, 0.000110961
0.0530606, 0.000109841
0.0533459, 0.000106384
0.0536312, 0.000100829
0.0539164, 9.45482e-05
0.0542017, 9.00696e-05
0.054487, 8.87431e-05
0.0547723, 9.08324e-05
0.0550575, 9.52705e-05
0.0553428, 0.000100375
0.0556281, 0.000104581
0.0559133, 0.000107495
0.0561986, 0.000109358
0.0564839, 0.000110783
0.0567692, 0.000111919
0.0570544, 0.000112877
0.0573397, 0.00011239
0.057625, 0.000109889
0.0579102, 0.000104999
0.0581955, 9.88523e-05
0.0584808, 9.35654e-05
0.0587661, 9.11655e-05
0.0590513, 9.20176e-05
0.0593366, 9.56981e-05
0.0596219, 0.000100714
0.0599072, 0.000105418
0.0601924, 0.000108716
0.0604777, 0.000110832
0.060763, 0.000112292
0.0610482, 0.000113426
0.0613335, 0.000114404
0.0616188, 0.000114531
0.0619041, 0.000112887
0.0621893, 0.000108808
0.0624746, 0.000103034
0.0627599, 9.72197e-05
0.0630451, 9.38377e-05
0.0633304, 9.35591e-05
0.0636157, 9.64028e-05
0.063901, 0.000101083
0.0641862, 0.000105999
0.0644715, 0.000109589
0.0647568, 0.000112191
0.0650421, 0.000113781
0.0653273, 0.000115002
0.0656126, 0.000116026
0.0658979, 0.000116627
0.0661831, 0.000115576
0.0664684, 0.0001124
0.0667537, 0.000107156
0.067039, 0.000101176
0.0673242, 9.68897e-05
0.0676095, 9.5552e-05
0.0678948, 9.74002e-05
0.06818, 0.00010149
0.0684653, 0.000106359
0.0687506, 0.000110497
0.0690359, 0.000113361
0.0693211, 0.000115097
0.0696064, 0.000116421
0.0698917, 0.000117478
0.070177, 0.000118417
0.0704622, 0.000117911
0.0707475, 0.000115553
0.0710328, 0.000110915
0.071318, 0.000105041
0.0716033, 9.99554e-05
0.0718886, 9.76602e-05
0.0721739, 9.84158e-05
0.0724591, 0.000101839
0.0727444, 0.00010656
0.0730297, 0.000111032
0.0733149, 0.000114245
0.0736002, 0.000116261
0.0738855, 0.00011768
0.0741708, 0.000118769
0.074456, 0.000119698
0.0747413, 0.0001198
0.0750266, 0.000118167
0.0753119, 0.000114209
0.0755971, 0.00010865
0.0758824, 0.000103096
0.0761677, 9.99118e-05
0.0764529, 9.96681e-05
0.0767382, 0.000102339
0.0770235, 0.000106756
0.0773088, 0.000111442
0.077594, 0.000114868
0.0778793, 0.000117314
0.0781646, 0.000118838
0.0784498, 0.000120009
0.0787351, 0.000120938
0.0790204, 0.000121486
0.0793057, 0.000120416
0.0795909, 0.000117235
0.0798762, 0.000112145
0.0801615, 0.000106407
0.0804468, 0.000102386
0.080732, 0.000101232
0.0810173, 0.000103106
0.0813026, 0.00010705
0.0815878, 0.000111699
0.0818731, 0.000115621
0.0821584, 0.000118407
0.0824437, 0.00012006
0.0827289, 0.000121293
0.0830142, 0.000122237
0.0832995, 0.000123031
0.0835847, 0.000122494
0.08387, 0.000120083
0.0841553, 0.000115514
0.0844406, 0.000109848
0.0847258, 0.000105115
0.0850111, 0.00010311
0.0852964, 0.000104017
0.0855816, 0.000107409
0.0858669, 0.000111961
0.0861522, 0.000116231
0.0864375, 0.000119268
0.0867227, 0.000121152
0.087008, 0.000122473
0.0872933, 0.000123448
0.0875786, 0.00012432
0.0878638, 0.000124306
0.0881491, 0.000122578
0.0884344, 0.000118591
0.0887196, 0.000113151
0.0890049, 0.000107894
0.0892902, 0.000105093
0.0895755, 0.000105073
0.0898607, 0.000107806
0.090146, 0.00011211
0.0904313, 0.000116574
0.0907165, 0.000119822
0.0910018, 0.000122091
0.0912871, 0.000123508
0.0915724, 0.000124573
0.0918576, 0.000125422
0.0921429, 0.000125836
0.0924282, 0.000124657
0.0927135, 0.000121372
0.0929987, 0.000116313
0.093284, 0.000110809
0.0935693, 0.0001072
0.0938545, 0.000106332
0.0941398, 0.000108354
0.0944251, 0.000112263
0.0947104, 0.000116732
0.0949956, 0.000120373
0.0952809, 0.000122964
0.0955662, 0.0001245
0.0958514, 0.00012563
0.0961367, 0.000126514
0.096422, 0.000127178
0.0967073, 0.000126479
0.0969925, 0.000123921
0.0972778, 0.000119327
0.0975631, 0.000113808
0.0978484, 0.000109475
0.0981336, 0.000107854
0.0984189, 0.000109037
0.0987042, 0.00011247
0.0989894, 0.000116878
0.0992747, 0.000120916
0.09956, 0.000123767
0.0998453, 0.000125453
0.100131, 0.000126675
0.100416, 0.00012757
0.100701, 0.000128373
0.100986, 0.00012815
0.101272, 0.000126245
0.101557, 0.000122144
0.101842, 0.000116779
0.102127, 0.000111897
0.102413, 0.000109561
0.102698, 0.000109889
0.102983, 0.000112747
0.103269, 0.000116984
0.103554, 0.000121217
0.103839, 0.000124278
0.104124, 0.00012629
0.10441, 0.000127613
0.104695, 0.000128607
0.10498, 0.000129387
0.105265, 0.000129604
0.105551, 0.000128256
0.105836, 0.000124768
0.106121, 0.000119688
0.106407, 0.000114461
0.106692, 0.000111337
0.106977, 0.000110875
0.107262, 0.000113128
0.107548, 0.000117083
0.107833, 0.000121435
0.108118, 0.000124748
0.108403, 0.000127101
0.108689, 0.000128549
0.108974, 0.000129617
0.109259, 0.000130423
0.109545, 0.000131004
0.10983, 0.000130089
0.110115, 0.000127292
0.1104, 0.000122574
0.110686, 0.000117186
0.110971, 0.000113347
0.111256, 0.00011215
0.111541, 0.000113714
0.111827, 0.000117246
0.112112, 0.000121535
0.112397, 0.000125251
0.112683, 0.00012784
0.112968, 0.000129382
0.113253, 0.000130542
0.113538, 0.000131406
0.113824, 0.000132124
0.114109, 0.000131653
0.114394, 0.000129468
0.114679, 0.000125187
0.114965, 0.000119868
0.11525, 0.000115443
0.115535, 0.000113568
0.11582, 0.000114329
0.116106, 0.000117413
0.116391, 0.00012161
0.116676, 0.000125598
0.116962, 0.000128461
0.117247, 0.000130211
0.117532, 0.000131433
0.117817, 0.000132317
0.118103, 0.000133074
0.118388, 0.000133011
0.118673, 0.000131401
0.118958, 0.000127638
0.119244, 0.000122504
0.119529, 0.000117618
0.119814, 0.000115085
0.1201, 0.000115119
0.120385, 0.000117663
0.12067, 0.000121651
0.120955, 0.000125818
0.121241, 0.000128842
0.121526, 0.000130899
0.121811, 0.00013221
0.122096, 0.000133183
0.122382, 0.000133927
0.122667, 0.000134257
0.122952, 0.000133108
0.123238, 0.000129943
0.123523, 0.000125114
0.123808, 0.000119966
0.124093, 0.000116741
0.124379, 0.000116056
0.124664, 0.000118037
0.124949, 0.000121733
0.125234, 0.000125953
0.12552, 0.000129262
0.125805, 0.000131604
0.12609, 0.000133033
0.126376, 0.000134077
0.126661, 0.000134889
0.126946, 0.000135449
0.127231, 0.000134668
0.127517, 0.000132107
0.127802, 0.000127638
0.128087, 0.000122421
0.128372, 0.00011856
0.128658, 0.000117239
0.128943, 0.000118555
0.129228, 0.000121861
0.129514, 0.000125993
0.129799, 0.000129688
0.130084, 0.000132334
0.130369, 0.000133835
0.130655, 0.00013496
0.13094, 0.000135742
0.131225, 0.00013643
0.13151, 0.000136022
0.131796, 0.000134033
0.132081, 0.000129968
0.132366, 0.000124839
0.132652, 0.000120448
0.132937, 0.000118526
0.133222, 0.000119114
0.133507, 0.000121974
0.133793, 0.000126002
0.134078, 0.000129917
0.134363, 0.000132774
0.134648, 0.000134492
0.134934, 0.000135709
0.135219, 0.000136591
0.135504, 0.000137345
0.13579, 0.000137355
0.136075, 0.000135857
0.13636, 0.000132257
0.136645, 0.000127294
0.136931, 0.000122493
0.137216, 0.000119955
0.137501, 0.000119867
0.137786, 0.000122244
0.138072, 0.00012606
0.138357, 0.000130102
0.138642, 0.000133078
0.138928, 0.000135149
0.139213, 0.000136455
0.139498, 0.000137421
0.139783, 0.000138141
0.140069, 0.000138463
0.140354, 0.000137364
0.140639, 0.000134355
0.140924, 0.000129686
0.14121, 0.000124675
0.141495, 0.000121498
0.14178, 0.000120785
0.142066, 0.000122617
0.142351, 0.000126141
0.142636, 0.00013023
0.142921, 0.000133483
0.143207, 0.000135811
0.143492, 0.000137217
0.143777, 0.00013823
0.144062, 0.000138973
0.144348, 0.000139543
0.144633, 0.000138796
0.144918, 0.000136345
0.145204, 0.00013201
0.145489, 0.000126925
0.145774, 0.000123144
0.146059, 0.000121843
0.146345, 0.000123061
0.14663, 0.000126226
0.146915, 0.000130221
0.1472, 0.000133823
0.147486, 0.000136406
0.147771, 0.000137874
0.148056, 0.000138999
0.148342, 0.000139763
0.148627, 0.00014045
0.148912, 0.000140045
0.149197, 0.000138118
0.149483, 0.000134162
0.149768, 0.00012917
0.150053, 0.000124899
0.150338, 0.000123037
0.150624, 0.000123597
0.150909, 0.000126357
0.151194, 0.000130255
0.15148, 0.000134058
0.151765, 0.000136837
0.15205, 0.000138507
0.152335, 0.000139693
0.152621, 0.000140546
0.152906, 0.000141275
0.153191, 0.000141265
0.153476, 0.000139788
0.153762, 0.000136277
0.154047, 0.000131437
0.154332, 0.000126779
0.154618, 0.000124349
0.154903, 0.000124289
0.155188, 0.000126609
0.155473, 0.000130319
0.155759, 0.000134251
0.156044, 0.000137151
0.156329, 0.000139164
0.156614, 0.000140407
0.1569, 0.000141325
0.157185, 0.000141959
0.15747, 0.00014224
0.157756, 0.000141143
0.158041, 0.000138159
0.158326, 0.000133595
0.158611, 0.00012874
0.158897, 0.000125696
0.159182, 0.000125032
0.159467, 0.00012686
0.159752, 0.000130306
0.160038, 0.000134284
0.160323, 0.000137427
0.160608, 0.000139684
0.160894, 0.000141038
0.161179, 0.00014201
0.161464, 0.000142742
0.161749, 0.000143218
0.162035, 0.000142438
0.16232, 0.000139964
0.162605, 0.000135694
0.16289, 0.000130761
0.163176, 0.000127157
0.163461, 0.000125986
0.163746, 0.000127263
0.164031, 0.000130385
0.164317, 0.000134277
0.164602, 0.00013777
0.164887, 0.00014022
0.165173, 0.000141624
0.165458, 0.00014267
0.165743, 0.000143413
0.166028, 0.000144075
0.166314, 0.000143635
0.166599, 0.000141689
0.166884, 0.000137763
0.167169, 0.000132874
0.167455, 0.000128812
0.16774, 0.000127104
0.168025, 0.000127738
0.168311, 0.000130493
0.168596, 0.0001343
0.168881, 0.000137968
0.169166, 0.000140637
0.169452, 0.000142248
0.169737, 0.000143378
0.170022, 0.000144172
0.170307, 0.000144813
0.170593, 0.000144698
0.170878, 0.000143177
0.171163, 0.000139611
0.171449, 0.000134861
0.171734, 0.000130409
0.172019, 0.000128178
0.172304, 0.000128244
0.17259, 0.000130597
0.172875, 0.000134257
0.17316, 0.000138066
0.173445, 0.000140884
0.173731, 0.000142765
0.174016, 0.00014397
0.174301, 0.000144834
0.174587, 0.000145487
0.174872, 0.000145681
0.175157, 0.000144496
0.175442, 0.000141437
0.175728, 0.000136895
0.176013, 0.000132207
0.176298, 0.000129411
0.176583, 0.000128942
0.176869, 0.000130868
0.177154, 0.000134301
0.177439, 0.000138182
0.177725, 0.000141167
0.17801, 0.000143279
0.178295, 0.000144569
0.17858, 0.000145492
0.178866, 0.00014611
0.179151, 0.000146571
0.179436, 0.000145703
0.179721, 0.000143146
0.180007, 0.000138875
0.180292, 0.000134054
0.180577, 0.000130736
0.180863, 0.000129737
0.181148, 0.000131157
0.181433, 0.000134282
0.181718, 0.000138086
0.182004, 0.000141391
0.182289, 0.000143746
0.182574, 0.000145114
0.182859, 0.000146121
0.183145, 0.00014681
0.18343, 0.000147365
0.183715, 0.000146829
0.184001, 0.000144755
0.184286, 0.000140795
0.184571, 0.000135987
0.184856, 0.000132184
0.185142, 0.000130686
0.185427, 0.000131544
0.185712, 0.000134366
0.185997, 0.000138118
0.186283, 0.000141642
0.186568, 0.00014417
0.186853, 0.00014564
0.187139, 0.000146716
0.187424, 0.000147448
0.187709, 0.000148086
0.187994, 0.000147837
0.18828, 0.000146177
0.188565, 0.000142561
0.18885, 0.000137851
0.189135, 0.000133639
0.189421, 0.000131702
0.189706, 0.000131982
0.189991, 0.000134435
0.190277, 0.00013807
0.190562, 0.00014174
0.190847, 0.000144452
0.191132, 0.000146144
0.191418, 0.000147296
0.191703, 0.000148099
0.191988, 0.000148734
0.192273, 0.000148787
0.192559, 0.000147478
0.192844, 0.000144281
0.193129, 0.000139735
0.193415, 0.000135247
0.1937, 0.000132767
0.193985, 0.000132553
0.19427, 0.000134608
0.194556, 0.000138062
0.194841, 0.000141839
0.195126, 0.000144639
0.195411, 0.000146623
0.195697, 0.000147848
0.195982, 0.00014873
0.196267, 0.000149387
0.196553, 0.000149682
0.196838, 0.000148674
0.197123, 0.00014592
0.197408, 0.000141602
0.197694, 0.000136942
0.197979, 0.000133967
0.198264, 0.000133242
0.198549, 0.000134877
0.198835, 0.000138073
0.19912, 0.000141826
0.199405, 0.000144916
0.199691, 0.000147089
0.199976, 0.000148388
0.200261, 0.000149309
0.200546, 0.000149989
0.200832, 0.000150491
0.201117, 0.000149783
0.201402, 0.000147511
0.201687, 0.000143471
0.201973, 0.000138751
0.202258, 0.000135276
0.202543, 0.000134094
0.202829, 0.000135225
0.203114, 0.000138137
0.203399, 0.000141827
0.203684, 0.000145169
0.20397, 0.000147539
0.204255, 0.000148907
0.20454, 0.000149935
0.204825, 0.000150613
0.205111, 0.000151197
0.205396, 0.000150787
0.205681, 0.000148944
0.205967, 0.00014516
0.206252, 0.000140495
0.206537, 0.000136614
0.206822, 0.000134981
0.207108, 0.000135569
0.207393, 0.000138176
0.207678, 0.000141794
0.207963, 0.000145298
0.208249, 0.000147853
0.208534, 0.000149379
0.208819, 0.000150452
0.209104, 0.000151193
0.20939, 0.000151772
0.209675, 0.00015165
0.20996, 0.000150186
0.210246, 0.000146791
0.210531, 0.000142248
0.210816, 0.000138017
0.211101, 0.000135946
0.211387, 0.000136028
0.211672, 0.000138281
0.211957, 0.000141767
0.212242, 0.000145386
0.212528, 0.000148049
0.212813, 0.000149817
0.213098, 0.000150965
0.213384, 0.000151724
0.213669, 0.000152316
0.213954, 0.000152452
0.214239, 0.000151291
0.214525, 0.000148305
0.21481, 0.000143925
0.215095, 0.000139468
0.21538, 0.000136886
0.215666, 0.000136494
0.215951, 0.000138361
0.216236, 0.000141658
0.216522, 0.000145348
0.216807, 0.000148155
0.217092, 0.000150146
0.217377, 0.000151377
0.217663, 0.000152257
0.217948, 0.000152861
0.218233, 0.000153218
0.218518, 0.00015232
0.218804, 0.000149778
0.219089, 0.000145624
0.219374, 0.000141036
0.21966, 0.00013798
0.219945, 0.000137129
0.22023, 0.000138585
0.220515, 0.000141624
0.220801, 0.000145281
0.221086, 0.000148385
0.221371, 0.000150611
0.221656, 0.000151896
0.221942, 0.000152828
0.222227, 0.00015347
0.222512, 0.000153948
0.222798, 0.000153312
0.223083, 0.000151182
0.223368, 0.000147291
0.223653, 0.000142677
0.223939, 0.000139168
0.224224, 0.000137894
0.224509, 0.000138866
0.224794, 0.000141628
0.22508, 0.000145237
0.225365, 0.000148591
0.22565, 0.000150997
0.225936, 0.000152337
0.226221, 0.000153354
0.226506, 0.000154012
0.226791, 0.000154605
0.227077, 0.000154227
0.227362, 0.000152472
0.227647, 0.000148872
0.227932, 0.000144328
0.228218, 0.000140438
0.228503, 0.000138753
0.228788, 0.000139238
0.229074, 0.000141696
0.229359, 0.000145214
0.229644, 0.000148694
0.229929, 0.000151263
0.230215, 0.000152784
0.2305, 0.000153863
0.230785, 0.000154601
0.23107, 0.000155193
0.231356, 0.000155102
0.231641, 0.00015369
0.231926, 0.000150424
0.232212, 0.00014599
0.232497, 0.000141799
0.232782, 0.000139681
0.233067, 0.0001397
0.233353, 0.000141829
0.233638, 0.000145207
0.233923, 0.000148782
0.234208, 0.000151422
0.234494, 0.000153214
0.234779, 0.000154358
0.235064, 0.000155177
0.23535, 0.00015575
0.235635, 0.000155913
0.23592, 0.00015479
0.236205, 0.000151916
0.236491, 0.000147653
0.236776, 0.000143274
0.237061, 0.000140682
0.237346, 0.000140247
0.237632, 0.000142015
0.237917, 0.000145207
0.238202, 0.000148827
0.238488, 0.000151631
0.238773, 0.000153635
0.239058, 0.000154858
0.239343, 0.000155721
0.239629, 0.000156319
0.239914, 0.000156682
0.240199, 0.000155801
0.240484, 0.000153334
0.24077, 0.000149224
0.241055, 0.000144724
0.24134, 0.000141693
0.241626, 0.000140841
0.241911, 0.000142221
0.242196, 0.000145169
0.242481, 0.00014874
0.242767, 0.000151807
0.243052, 0.000153993
0.243337, 0.000155273
0.243622, 0.000156201
0.243908, 0.000156835
0.244193, 0.000157325
0.244478, 0.000156712
0.244764, 0.000154621
0.245049, 0.000150822
0.245334, 0.000146314
0.245619, 0.000142858
0.245905, 0.000141614
0.24619, 0.000142542
0.246475, 0.000145223
0.24676, 0.000148744
0.247046, 0.000152038
0.247331, 0.000154411
0.247616, 0.000155734
0.247902, 0.000156742
0.248187, 0.000157307
0.248472, 0.000157894
0.248757, 0.000157521
0.249043, 0.000155799
0.249328, 0.000152257
0.249613, 0.000147802
0.249898, 0.000143985
0.250184, 0.000142337
0.250469, 0.000142805
0.250754, 0.000145205
0.25104, 0.000148643
0.251325, 0.000152052
0.25161, 0.000154574
0.251895, 0.000156065
0.252181, 0.000157122
0.252466, 0.000157833
0.252751, 0.000158417
0.253036, 0.000158321
0.253322, 0.00015693
0.253607, 0.000153727
0.253892, 0.00014937
0.254177, 0.000145264
0.254463, 0.000143199
0.254748, 0.000143225
0.255033, 0.00014531
0.255319, 0.000148618
0.255604, 0.000152122
0.255889, 0.00015471
0.256174, 0.000156456
0.25646, 0.000157572
0.256745, 0.000158349
0.25703, 0.000158918
0.257315, 0.000159068
0.257601, 0.000157956
0.257886, 0.000155129
0.258171, 0.000150933
0.258457, 0.000146637
0.258742, 0.000144126
0.259027, 0.000143704
0.259312, 0.000145453
0.259598, 0.00014859
0.259883, 0.000152143
0.260168, 0.000154879
0.260453, 0.000156845
0.260739, 0.000158029
0.261024, 0.000158858
0.261309, 0.000159419
0.261595, 0.000159735
0.26188, 0.000158865
0.262165, 0.000156422
0.26245, 0.000152428
0.262736, 0.000148018
0.263021, 0.000145087
0.263306, 0.000144266
0.263591, 0.000145652
0.263877, 0.000148557
0.264162, 0.000152064
0.264447, 0.000155052
0.264733, 0.000157186
0.265018, 0.000158422
0.265303, 0.000159321
0.265588, 0.000159915
0.265874, 0.000160345
0.266159, 0.000159707
0.266444, 0.000157635
0.266729, 0.000153867
0.267015, 0.000149438
0.2673, 0.000146101
0.267585, 0.000144907
0.267871, 0.000145873
0.268156, 0.000148528
0.268441, 0.000151979
0.268726, 0.000155157
0.269012, 0.000157463
0.269297, 0.000158746
0.269582, 0.000159728
0.269867, 0.000160347
0.270153, 0.0001609
0.270438, 0.000160491
0.270723, 0.000158769
0.271009, 0.000155252
0.271294, 0.000150867
0.271579, 0.000147187
0.271864, 0.000145637
0.27215, 0.000146146
0.272435, 0.000148554
0.27272, 0.000151938
0.273005, 0.000155249
0.273291, 0.000157671
0.273576, 0.00015911
0.273861, 0.000160128
0.274147, 0.000160814
0.274432, 0.000161356
0.274717, 0.000161214
0.275002, 0.000159814
0.275288, 0.000156538
0.275573, 0.000152242
0.275858, 0.000148265
0.276143, 0.000146344
0.276429, 0.00014643
0.276714, 0.000148546
0.276999, 0.000151816
0.277285, 0.000155225
0.27757, 0.00015775
0.277855, 0.000159418
0.27814, 0.000160488
0.278426, 0.000161242
0.278711, 0.00016175
0.278996, 0.000161856
0.279281, 0.000160728
0.279567, 0.000157867
0.279852, 0.00015371
0.280137, 0.000149545
0.280423, 0.000147205
0.280708, 0.000146896
0.280993, 0.000148694
0.281278, 0.000151802
0.281564, 0.000155264
0.281849, 0.0001579
0.282134, 0.000159752
0.282419, 0.000160901
0.282705, 0.000161655
0.28299, 0.000162202
0.283275, 0.000162496
0.283561, 0.000161592
0.283846, 0.000159109
0.284131, 0.000155133
0.284416, 0.000150825
0.284702, 0.000148074
0.284987, 0.000147377
0.285272, 0.000148838
0.285557, 0.000151744
0.285843, 0.000155187
0.286128, 0.000158059
0.286413, 0.000160089
0.286699, 0.000161304
0.286984, 0.000162158
0.287269, 0.000162762
0.287554, 0.000163198
0.28784, 0.000162512
0.288125, 0.000160366
0.28841, 0.000156596
0.288695, 0.000152237
0.288981, 0.000149067
0.289266, 0.000148025
0.289551, 0.000149099
0.289837, 0.000151782
0.290122, 0.000155178
0.290407, 0.000158262
0.290692, 0.000160449
0.290978, 0.000161704
0.291263, 0.000162641
0.291548, 0.000163267
0.291833, 0.000163779
0.292119, 0.000163314
0.292404, 0.000161487
0.292689, 0.000157941
0.292975, 0.000153617
0.29326, 0.00015011
0.293545, 0.000148716
0.29383, 0.000149371
0.294116, 0.000151806
0.294401, 0.000155156
0.294686, 0.000158391
0.294971, 0.000160768
0.295257, 0.000162123
0.295542, 0.000163109
0.295827, 0.000163751
0.296113, 0.000164293
0.296398, 0.000164052
0.296683, 0.000162555
0.296968, 0.000159285
0.297254, 0.000155017
0.297539, 0.000151201
0.297824, 0.000149471
0.298109, 0.000149706
0.298395, 0.000151886
0.29868, 0.000155144
0.298965, 0.000158468
0.299251, 0.000160953
0.299536, 0.000162471
0.299821, 0.000163514
0.300106, 0.000164212
0.300392, 0.000164729
0.300677, 0.000164731
0.300962, 0.000163511
0.301247, 0.000160537
0.301533, 0.000156383
0.301818, 0.000152351
0.302103, 0.000150209
0.302388, 0.000150066
0.302674, 0.000151956
0.302959, 0.000155075
0.303244, 0.000158464
0.30353, 0.000161
0.303815, 0.00016275
0.3041, 0.000163834
0.304385, 0.000164609
0.304671, 0.000165109
0.304956, 0.000165319
0.305241, 0.000164334
0.305526, 0.000161713
0.305812, 0.000157718
0.306097, 0.000153548
0.306382, 0.000151026
0.306668, 0.000150504
0.306953, 0.000152088
0.307238, 0.000155035
0.307523, 0.000158436
0.307809, 0.000161125
0.308094, 0.000163029
0.308379, 0.000164186
0.308664, 0.000165014
0.30895, 0.000165555
0.309235, 0.000165939
0.30952, 0.000165144
0.309806, 0.000162884
0.310091, 0.000158991
0.310376, 0.00015472
0.310661, 0.00015182
0.310947, 0.000150935
0.311232, 0.000152187
0.311517, 0.000154918
0.311802, 0.000158279
0.312088, 0.000161219
0.312373, 0.000163299
0.312658, 0.000164513
0.312944, 0.000165398
0.313229, 0.000165995
0.313514, 0.000166476
0.313799, 0.000165915
0.314085, 0.000163958
0.31437, 0.00016036
0.314655, 0.000156087
0.31494, 0.000152816
0.315226, 0.000151632
0.315511, 0.000152489
0.315796, 0.000154999
0.316082, 0.000158319
0.316367, 0.000161446
0.316652, 0.000163709
0.316937, 0.000164962
0.317223, 0.000165915
0.317508, 0.0001664
0.317793, 0.000166929
0.318078, 0.000166559
0.318364, 0.000164924
0.318649, 0.000161552
0.318934, 0.000157321
0.31922, 0.000153732
0.319505, 0.000152211
0.31979, 0.000152665
0.320075, 0.00015495
0.320361, 0.000158206
0.320646, 0.000161427
0.320931, 0.000163803
0.321216, 0.000165213
0.321502, 0.000166209
0.321787, 0.000166855
0.322072, 0.000167355
0.322358, 0.00016721
0.322643, 0.000165856
0.322928, 0.000162747
0.323213, 0.000158599
0.323499, 0.000154759
0.323784, 0.000152909
0.324069, 0.000152981
0.324354, 0.000155006
0.32464, 0.000158147
0.324925, 0.000161435
0.32521, 0.000163878
0.325496, 0.000165488
0.325781, 0.000166518
0.326066, 0.000167235
0.326351, 0.000167711
0.326637, 0.0001678
0.326922, 0.000166691
0.327207, 0.000163904
0.327492, 0.000159878
0.327778, 0.000155861
0.328063, 0.000153626
0.328348, 0.000153347
0.328634, 0.000155089
0.328919, 0.000158086
0.329204, 0.000161437
0.329489, 0.000163979
0.329775, 0.000165765
0.33006, 0.000166878
0.330345, 0.000167661
0.33063, 0.000168214
0.330916, 0.00016849
0.331201, 0.000167581
0.331486, 0.000165119
0.331772, 0.000161242
0.332057, 0.000157087
0.332342, 0.000154464
0.332627, 0.000153834
0.332913, 0.000155269
0.333198, 0.000158089
0.333483, 0.000161447
0.333768, 0.000164169
0.334054, 0.000166141
0.334339, 0.000167315
0.334624, 0.000168139
0.33491, 0.000168704
0.335195, 0.000169062
0.33548, 0.000168339
0.335765, 0.000166216
0.336051, 0.00016253
0.336336, 0.000158326
0.336621, 0.00015534
0.336906, 0.000154386
0.337192, 0.000155499
0.337477, 0.000158111
0.337762, 0.000161405
0.338048, 0.000164345
0.338333, 0.000166463
0.338618, 0.00016766
0.338903, 0.000168547
0.339189, 0.000169096
0.339474, 0.000169533
0.339759, 0.000169012
0.340044, 0.000167185
0.34033, 0.000163704
0.340615, 0.000159514
0.3409, 0.000156236
0.341186, 0.000154962
0.341471, 0.000155691
0.341756, 0.0001581
0.342041, 0.000161336
0.342327, 0.000164419
0.342612, 0.000166673
0.342897, 0.000167918
0.343182, 0.000168852
0.343468, 0.000169456
0.343753, 0.000169965
0.344038, 0.000169679
0.344324, 0.000168156
0.344609, 0.000164834
0.344894, 0.000160681
0.345179, 0.000157101
0.345465, 0.000155524
0.34575, 0.000155865
0.346035, 0.000158049
0.34632, 0.000161213
0.346606, 0.000164414
0.346891, 0.000166771
0.347176, 0.000168174
0.347461, 0.000169173
0.347747, 0.000169847
0.348032, 0.000170384
0.348317, 0.00017029
0.348603, 0.000169002
0.348888, 0.000166016
0.349173, 0.000161955
0.349458, 0.000158136
0.349744, 0.000156226
0.350029, 0.000156239
0.350314, 0.000158158
0.350599, 0.000161218
0.350885, 0.000164475
0.35117, 0.00016692
0.351455, 0.000168554
0.351741, 0.000169602
0.352026, 0.000170216
0.352311, 0.000170706
0.352596, 0.000170807
0.352882, 0.000169752
0.353167, 0.000167055
0.353452, 0.000163109
0.353737, 0.000159123
0.354023, 0.000156849
0.354308, 0.000156511
0.354593, 0.000158176
0.354879, 0.000161105
0.355164, 0.000164403
0.355449, 0.000166923
0.355734, 0.000168734
0.35602, 0.000169815
0.356305, 0.000170585
0.35659, 0.000171057
0.356875, 0.000171328
0.357161, 0.000170465
0.357446, 0.0001681
0.357731, 0.000164319
0.358017, 0.00016023
0.358302, 0.000157622
0.358587, 0.000156954
0.358872, 0.000158322
0.359158, 0.00016106
0.359443, 0.000164323
0.359728, 0.000167059
0.360013, 0.000168998
0.360299, 0.000170153
0.360584, 0.000170969
0.360869, 0.000171528
0.361155, 0.000171925
0.36144, 0.000171247
0.361725, 0.000169183
0.36201, 0.000165576
0.362296, 0.000161442
0.362581, 0.000158465
0.362866, 0.000157508
0.363151, 0.000158551
0.363437, 0.000161082
0.363722, 0.000164306
0.364007, 0.000167228
0.364293, 0.000169324
0.364578, 0.000170515
0.364863, 0.000171398
0.365148, 0.000171945
0.365434, 0.000172394
0.365719, 0.000171912
0.366004, 0.000170136
0.366289, 0.000166729
0.366575, 0.0001626
0.36686, 0.000159333
0.367145, 0.000158054
0.367431, 0.000158749
0.367716, 0.000161106
0.368001, 0.000164292
0.368286, 0.000167335
0.368572, 0.000169552
0.368857, 0.000170819
0.369142, 0.000171734
0.369427, 0.000172325
0.369713, 0.000172798
0.369998, 0.000172529
0.370283, 0.000171048
0.370569, 0.000167853
0.370854, 0.000163773
0.371139, 0.000160242
0.371424, 0.0001587
0.37171, 0.000159005
0.371995, 0.000161131
0.37228, 0.000164233
0.372565, 0.000167378
0.372851, 0.000169711
0.373136, 0.000171096
0.373421, 0.000172083
0.373707, 0.000172747
0.373992, 0.000173275
0.374277, 0.000173197
0.374562, 0.000171943
0.374848, 0.000169009
0.375133, 0.000165014
0.375418, 0.000161249
0.375703, 0.000159363
0.375989, 0.000159363
0.376274, 0.000161235
0.376559, 0.000164233
0.376845, 0.000167432
0.37713, 0.000169838
0.377415, 0.000171444
0.3777, 0.000172478
0.377986, 0.000173173
0.378271, 0.000173651
0.378556, 0.000173745
0.378841, 0.000172703
0.379127, 0.000169931
0.379412, 0.000166044
0.379697, 0.000162129
0.379983, 0.0001599
0.380268, 0.000159575
0.380553, 0.000161215
0.380838, 0.000164094
0.381124, 0.000167339
0.381409, 0.000169823
0.381694, 0.000171609
0.381979, 0.000172677
0.382265, 0.000173438
0.38255, 0.000173895
0.382835, 0.000174157
0.383121, 0.000173298
0.383406, 0.000170973
0.383691, 0.000167244
0.383976, 0.00016322
0.384262, 0.000160667
0.384547, 0.000160004
0.384832, 0.000161366
0.385117, 0.000164068
0.385403, 0.00016731
0.385688, 0.000169984
0.385973, 0.000171885
0.386259, 0.000173026
0.386544, 0.000173828
0.386829, 0.000174231
0.387114, 0.0001746
0.3874, 0.000173906
0.387685, 0.00017184
0.38797, 0.000168276
0.388255, 0.00016421
0.388541, 0.000161307
0.388826, 0.000160377
0.389111, 0.000161423
0.389397, 0.000163929
0.389682, 0.000167115
0.389967, 0.000169987
0.390252, 0.000172054
0.390538, 0.00017322
0.390823, 0.000174083
0.391108, 0.000174609
0.391393, 0.000175033
0.391679, 0.000174517
0.391964, 0.00017274
0.392249, 0.000169355
0.392534, 0.00016529
0.39282, 0.000162119
0.393105, 0.000160893
0.39339, 0.000161605
0.393676, 0.000163937
0.393961, 0.00016707
0.394246, 0.00017006
0.394531, 0.000172245
0.394817, 0.000173444
0.395102, 0.00017435
0.395387, 0.000174931
0.395672, 0.000175433
0.395958, 0.000175147
0.396243, 0.000173648
0.396528, 0.000170468
0.396814, 0.000166435
0.397099, 0.000162975
0.397384, 0.000161471
0.397669, 0.00016184
0.397955, 0.000163966
0.39824, 0.000167034
0.398525, 0.000170119
0.39881, 0.000172424
0.399096, 0.000173779
0.399381, 0.000174748
0.399666, 0.000175375
0.399952, 0.000175884
0.400237, 0.000175773
0.400522, 0.000174508
0.400807, 0.000171573
0.401093, 0.000167608
0.401378, 0.00016392
0.401663, 0.000162114
0.401948, 0.000162147
0.402234, 0.000164049
0.402519, 0.000167029
0.402804, 0.000170173
0.40309, 0.000172516
0.403375, 0.000174059
0.40366, 0.000175049
0.403945, 0.00017573
0.404231, 0.000176169
0.404516, 0.000176244
0.404801, 0.000175185
0.405086, 0.000172529
0.405372, 0.000168687
0.405657, 0.00016486
0.405942, 0.000162739
0.406228, 0.000162472
0.406513, 0.000164124
0.406798, 0.000166968
0.407083, 0.00017017
0.407369, 0.000172592
0.407654, 0.000174302
0.407939, 0.000175363
0.408224, 0.000176111
0.40851, 0.000176623
0.408795, 0.000176831
0.40908, 0.000175928
0.409366, 0.000173551
0.409651, 0.000169842
0.409936, 0.000165903
0.410221, 0.000163451
0.410507, 0.000162876
0.410792, 0.000164257
0.411077, 0.000166951
0.411362, 0.000170155
0.411648, 0.00017274
0.411933, 0.000174616
0.412218, 0.000175726
0.412504, 0.0001765
0.412789, 0.000177003
0.413074, 0.000177307
0.413359, 0.000176558
0.413645, 0.000174462
0.41393, 0.000170818
0.414215, 0.000166818
0.4145, 0.000164066
0.414786, 0.000163225
0.415071, 0.000164345
0.415356, 0.000166864
0.415642, 0.000169991
0.415927, 0.00017276
0.416212, 0.000174728
0.416497, 0.000175866
0.416783, 0.000176686
0.417068, 0.000177223
0.417353, 0.000177679
0.417638, 0.000177145
0.417924, 0.000175319
0.418209, 0.000171936
0.418494, 0.000167917
0.41878, 0.000164849
0.419065, 0.000163736
0.41935, 0.000164522
0.419635, 0.000166853
0.419921, 0.000169954
0.420206, 0.000172892
0.420491, 0.000175014
0.420776, 0.000176194
0.421062, 0.000177098
0.421347, 0.000177537
0.421632, 0.000178013
0.421918, 0.000177642
0.422203, 0.00017609
0.422488, 0.000172891
0.422773, 0.000168907
0.423059, 0.000165588
0.423344, 0.000164195
0.423629, 0.000164642
0.423914, 0.0001668
0.4242, 0.000169849
0.424485, 0.000172858
0.42477, 0.000175081
0.425056, 0.000176386
0.425341, 0.000177301
0.425626, 0.000177894
0.425911, 0.000178352
0.426197, 0.000178191
0.426482, 0.000176872
0.426767, 0.000173909
0.427052, 0.000169981
0.427338, 0.000166413
0.427623, 0.000164768
0.427908, 0.000164907
0.428194, 0.00016685
0.428479, 0.000169805
0.428764, 0.000172883
0.429049, 0.00017518
0.429335, 0.000176639
0.42962, 0.000177631
0.429905, 0.000178294
0.43019, 0.000178782
0.430476, 0.000178789
0.430761, 0.000177679
0.431046, 0.000174958
0.431332, 0.000171118
0.431617, 0.000167382
0.431902, 0.000165399
0.432187, 0.000165237
0.432473, 0.000166951
0.432758, 0.000169813
0.433043, 0.000172948
0.433328, 0.000175307
0.433614, 0.000176933
0.433899, 0.000177937
0.434184, 0.000178644
0.43447, 0.000179071
0.434755, 0.000179236
0.43504, 0.000178296
0.435325, 0.000175853
0.435611, 0.00017214
0.435896, 0.000168293
0.436181, 0.000166009
0.436466, 0.000165538
0.436752, 0.000167014
0.437037, 0.000169729
0.437322, 0.000172892
0.437608, 0.000175379
0.437893, 0.000177139
0.438178, 0.000178215
0.438463, 0.000178965
0.438749, 0.000179455
0.439034, 0.000179753
0.439319, 0.000178954
0.439604, 0.000176787
0.43989, 0.000173215
0.440175, 0.000169285
0.44046, 0.000166691
0.440745, 0.000165959
0.441031, 0.000167176
0.441316, 0.000169729
0.441601, 0.000172833
0.441887, 0.000175485
0.442172, 0.000177403
0.442457, 0.000178508
0.442742, 0.000179304
0.443028, 0.000179804
0.443313, 0.000180147
0.443598, 0.000179523
0.443883, 0.000177618
0.444169, 0.000174214
0.444454, 0.000170266
0.444739, 0.000167389
0.445025, 0.00016642
0.44531, 0.000167342
0.445595, 0.000169724
0.44588, 0.000172785
0.446166, 0.000175616
0.446451, 0.000177635
0.446736, 0.000178779
0.447021, 0.000179636
0.447307, 0.000180192
0.447592, 0.000180645
0.447877, 0.000180207
0.448163, 0.000178535
0.448448, 0.000175136
0.448733, 0.000171197
0.449018, 0.000168043
0.449304, 0.000166793
0.449589, 0.000167403
0.449874, 0.000169607
0.450159, 0.000172644
0.450445, 0.000175585
0.45073, 0.000177742
0.451015, 0.000178976
0.451301, 0.000179875
0.451586, 0.000180434
0.451871, 0.000180878
0.452156, 0.000180618
0.452442, 0.000179205
0.452727, 0.000176143
0.453012, 0.000172242
0.453297, 0.000168871
0.453583, 0.000167401
0.453868, 0.000167689
0.454153, 0.000169715
0.454439, 0.000172671
0.454724, 0.000175678
0.455009, 0.000177914
0.455294, 0.000179238
0.45558, 0.000180186
0.455865, 0.000180654
0.45615, 0.000181151
0.456435, 0.000181053
0.456721, 0.000179835
0.457006, 0.000177014
0.457291, 0.00017318
0.457577, 0.000169591
0.457862, 0.000167809
0.458147, 0.000167806
0.458432, 0.000169606
0.458718, 0.000172478
0.459003, 0.000175547
0.459288, 0.000177857
0.459573, 0.000179382
0.459859, 0.000180371
0.460144, 0.000181035
0.460429, 0.000181469
0.460715, 0.000181528
0.461, 0.000180495
0.461285, 0.000177912
0.46157, 0.000174179
0.461856, 0.000170458
0.462141, 0.00016839
0.462426, 0.000168114
0.462711, 0.000169705
0.462997, 0.000172458
0.463282, 0.000175551
0.463567, 0.000177908
0.463853, 0.000179567
0.464138, 0.000180604
0.464423, 0.000181327
0.464708, 0.000181816
0.464994, 0.00018202
0.465279, 0.000181143
0.465564, 0.000178838
0.465849, 0.000175228
0.466135, 0.0001714
0.46642, 0.000169016
0.466705, 0.000168459
0.466991, 0.0001698
0.467276, 0.000172412
0.467561, 0.000175524
0.467846, 0.000178034
0.468132, 0.000179861
0.468417, 0.000180941
0.468702, 0.000181692
0.468987, 0.000182173
0.469273, 0.000182449
0.469558, 0.000181715
0.469843, 0.000179665
0.470129, 0.000176196
0.470414, 0.000172306
0.470699, 0.00016966
0.470984, 0.000168854
0.47127, 0.000169955
0.471555, 0.000172402
0.47184, 0.000175439
0.472125, 0.000178126
0.472411, 0.000180035
0.472696, 0.000181147
0.472981, 0.000181949
0.473267, 0.000182471
0.473552, 0.000182875
0.473837, 0.000182326
0.474122, 0.000180513
0.474408, 0.000177211
0.474693, 0.000173315
0.474978, 0.000170371
0.475263, 0.000169313
0.475549, 0.000170109
0.475834, 0.000172388
0.476119, 0.000175406
0.476405, 0.000178241
0.47669, 0.000180313
0.476975, 0.000181451
0.47726, 0.000182315
0.477546, 0.000182827
0.477831, 0.000183266
0.478116, 0.000182876
0.478401, 0.000181324
0.478687, 0.000178167
0.478972, 0.000174291
0.479257, 0.00017112
0.479543, 0.000169832
0.479828, 0.000170318
0.480113, 0.000172438
0.480398, 0.000175397
0.480684, 0.000178319
0.480969, 0.000180464
0.481254, 0.00018169
0.481539, 0.000182588
0.481825, 0.000183178
0.48211, 0.000183663
0.482395, 0.000183447
0.482681, 0.0001821
0.482966, 0.000179046
0.483251, 0.000175213
0.483536, 0.000171796
0.483822, 0.000170259
0.484107, 0.000170453
0.484392, 0.000172374
0.484677, 0.000175268
0.484963, 0.000178246
0.485248, 0.000180481
0.485533, 0.000181848
0.485818, 0.000182784
0.486104, 0.000183403
0.486389, 0.000183825
0.486674, 0.00018379
0.48696, 0.00018266
0.487245, 0.000179938
0.48753, 0.000176188
0.487815, 0.000172612
0.488101, 0.000170797
0.488386, 0.000170731
0.488671, 0.000172455
0.488956, 0.000175248
0.489242, 0.000178296
0.489527, 0.000180568
0.489812, 0.000182098
0.490098, 0.00018309
0.490383, 0.000183662
0.490668, 0.000184132
0.490953, 0.000184243
0.491239, 0.000183257
0.491524, 0.00018079
0.491809, 0.000177131
0.492094, 0.000173417
0.49238, 0.000171284
0.492665, 0.000170932
0.49295, 0.000172436
0.493236, 0.000175127
0.493521, 0.000178191
0.493806, 0.000180548
0.494091, 0.000182249
0.494377, 0.000183263
0.494662, 0.000183976
0.494947, 0.000184398
0.495232, 0.000184643
0.495518, 0.000183823
0.495803, 0.000181616
0.496088, 0.000178082
0.496374, 0.000174282
0.496659, 0.000171884
0.496944, 0.000171277
0.497229, 0.000172564
0.497515, 0.000175103
0.4978, 0.000178156
0.498085, 0.000180654
0.49837, 0.000182472
0.498656, 0.000183557
0.498941, 0.000184316
0.499226, 0.000184822
0.499512, 0.00018514
0.499797, 0.00018446
0.500082, 0.000182511
0.500367, 0.000179113
0.500653, 0.000175265
0.500938, 0.000172563
0.501223, 0.000171714
0.501508, 0.000172742
0.501794, 0.00017513
0.502079, 0.00017813
0.502364, 0.000180808
0.50265, 0.000182751
0.502935, 0.000183836
0.50322, 0.000184624
0.503505, 0.000185106
0.503791, 0.000185512
0.504076, 0.000184996
0.504361, 0.000183264
0.504646, 0.000180034
0.504932, 0.000176182
0.505217, 0.000173236
0.505502, 0.000172164
0.505788, 0.0001729
0.506073, 0.000175134
0.506358, 0.000178098
0.506643, 0.000180919
0.506929, 0.000182979
0.507214, 0.00018411
0.507499, 0.000184976
0.507784, 0.000185494
0.50807, 0.00018594
0.508355, 0.000185581
0.50864, 0.000184085
0.508926, 0.000181007
0.509211, 0.000177183
0.509496, 0.00017402
0.509781, 0.000172697
0.510067, 0.000173126
0.510352, 0.000175187
0.510637, 0.000178098
0.510922, 0.000180975
0.511208, 0.000183115
0.511493, 0.000184326
0.511778, 0.000185217
0.512064, 0.000185789
0.512349, 0.000186264
0.512634, 0.000186091
0.512919, 0.000184788
0.513205, 0.000181901
0.51349, 0.000178119
0.513775, 0.000174715
0.51406, 0.000173175
0.514346, 0.000173349
0.514631, 0.000175213
0.514916, 0.000178054
0.515202, 0.000180998
0.515487, 0.00018323
0.515772, 0.000184595
0.516057, 0.000185544
0.516343, 0.000186161
0.516628, 0.000186583
0.516913, 0.000186545
0.517198, 0.000185428
0.517484, 0.000182573
0.517769, 0.000178871
0.518054, 0.000175334
0.51834, 0.000173525
0.518625, 0.000173441
0.51891, 0.000175128
0.519195, 0.000177881
0.519481, 0.000180877
0.519766, 0.000183126
0.520051, 0.000184637
0.520336, 0.000185615
0.520622, 0.000186295
0.520907, 0.000186752
0.521192, 0.000186863
0.521478, 0.000185898
0.521763, 0.000183471
0.522048, 0.000179873
0.522333, 0.000176219
0.522619, 0.000174109
0.522904, 0.000173761
0.523189, 0.000175228
0.523474, 0.000177872
0.52376, 0.000180895
0.524045, 0.000183227
0.52433, 0.000184913
0.524616, 0.000185924
0.524901, 0.000186433
0.525186, 0.000186852
0.525471, 0.000187078
0.525757, 0.000186269
0.526042, 0.000184087
0.526327, 0.000180607
0.526612, 0.000176862
0.526898, 0.000174496
0.527183, 0.000173878
0.527468, 0.000175137
0.527754, 0.000177635
0.528039, 0.000180647
0.528324, 0.000183122
0.528609, 0.000184922
0.528895, 0.000185998
0.52918, 0.00018675
0.529465, 0.000187251
0.52975, 0.000187572
0.530036, 0.000186896
0.530321, 0.000184969
0.530606, 0.000181611
0.530891, 0.000177813
0.531177, 0.000175145
0.531462, 0.000174309
0.531747, 0.000175323
0.532033, 0.00017768
0.532318, 0.00018064
0.532603, 0.000183286
0.532888, 0.000185204
0.533174, 0.000186274
0.533459, 0.000187048
0.533744, 0.000187521
0.534029, 0.000187921
0.534315, 0.000187409
0.5346, 0.000185696
0.534885, 0.000182505
0.535171, 0.000178702
0.535456, 0.000175799
0.535741, 0.000174746
0.536026, 0.00017548
0.536312, 0.000177671
0.536597, 0.000180597
0.536882, 0.000183379
0.537167, 0.000185396
0.537453, 0.000186512
0.537738, 0.000187371
0.538023, 0.00018788
0.538309, 0.000188313
0.538594, 0.000187947
0.538879, 0.00018646
0.539164, 0.000183409
0.53945, 0.000179633
0.539735, 0.000176518
0.54002, 0.000175227
0.540305, 0.000175661
0.540591, 0.000177699
0.540876, 0.000180572
0.541161, 0.000183411
0.541447, 0.000185515
0.541732, 0.000186705
0.542017, 0.000187584
0.542302, 0.000188146
0.542588, 0.000188614
0.542873, 0.00018841
0.543158, 0.000187105
0.543443, 0.000184246
0.543729, 0.000180515
0.544014, 0.000177184
0.544299, 0.000175686
0.544585, 0.000175856
0.54487, 0.00017771
0.545155, 0.000180521
0.54544, 0.000183432
0.545726, 0.000185625
0.546011, 0.000186966
0.546296, 0.000187893
0.546581, 0.000188489
0.546867, 0.000188896
0.547152, 0.000188843
0.547437, 0.000187729
0.547723, 0.000185067
0.548008, 0.000181408
0.548293, 0.000177927
0.548578, 0.000176166
0.548864, 0.000176082
0.549149, 0.000177759
0.549434, 0.000180475
0.549719, 0.000183448
0.550005, 0.000185654
0.55029, 0.000187146
0.550575, 0.000188112
0.550861, 0.000188774
0.551146, 0.000189222
0.551431, 0.000189321
0.551716, 0.000188369
0.552002, 0.00018582
0.552287, 0.000182244
0.552572, 0.000178635
0.552857, 0.000176582
0.553143, 0.000176261
0.553428, 0.000177745
0.553713, 0.000180375
0.553999, 0.000183362
0.554284, 0.000185658
0.554569, 0.000187286
0.554854, 0.000188273
0.55514, 0.00018896
0.555425, 0.000189426
0.55571, 0.000189648
0.555995, 0.00018883
0.556281, 0.000186642
0.556566, 0.000183181
0.556851, 0.000179481
0.557137, 0.000177166
0.557422, 0.000176615
0.557707, 0.000177874
0.557992, 0.000180364
0.558278, 0.000183345
0.558563, 0.000185767
0.558848, 0.000187536
0.559133, 0.000188585
0.559419, 0.00018932
0.559704, 0.000189652
0.559989, 0.000189931
0.560275, 0.000189228
0.56056, 0.000187269
0.560845, 0.000183938
0.56113, 0.000180195
0.561416, 0.000177634
0.561701, 0.000176851
0.561986, 0.000177895
0.562271, 0.000180237
0.562557, 0.000183151
0.562842, 0.000185743
0.563127, 0.00018759
0.563413, 0.000188657
0.563698, 0.000189424
0.563983, 0.000189913
0.564268, 0.000190291
0.564554, 0.000189753
0.564839, 0.000187994
0.565124, 0.000184807
0.565409, 0.000181053
0.565695, 0.000178237
0.56598, 0.00017723
0.566265, 0.000178012
0.566551, 0.000180204
0.566836, 0.000183098
0.567121, 0.000185806
0.567406, 0.000187795
0.567692, 0.000188882
0.567977, 0.000189697
0.568262, 0.000190182
0.568547, 0.000190572
0.568833, 0.000190178
0.569118, 0.000188671
0.569403, 0.000185637
0.569689, 0.000181903
0.569974, 0.000178873
0.570259, 0.000177654
0.570544, 0.000178165
0.57083, 0.000180216
0.571115, 0.000183058
0.5714, 0.000185852
0.571685, 0.000187933
0.571971, 0.000189112
0.572256, 0.000189983
0.572541, 0.000190531
0.572827, 0.000190975
0.573112, 0.000190743
0.573397, 0.000189432
0.573682, 0.000186554
0.573968, 0.000182845
0.574253, 0.000179614
0.574538, 0.000178178
0.574823, 0.000178403
0.575109, 0.000180287
0.575394, 0.000183078
0.575679, 0.00018593
0.575965, 0.00018807
0.57625, 0.000189328
0.576535, 0.000190224
0.57682, 0.00019081
0.577106, 0.000191264
0.577391, 0.000191199
0.577676, 0.000190036
0.577961, 0.000187351
0.578247, 0.00018371
0.578532, 0.000180304
0.578817, 0.000178625
0.579102, 0.000178619
0.579388, 0.000180314
0.579673, 0.000183025
0.579958, 0.000185932
0.580244, 0.000188119
0.580529, 0.000189568
0.580814, 0.000190512
0.581099, 0.000191139
0.581385, 0.00019154
0.58167, 0.000191585
0.581955, 0.00019059
0.58224, 0.000188123
0.582526, 0.000184571
0.582811, 0.000181049
0.583096, 0.000179115
0.583382, 0.000178855
0.583667, 0.000180372
0.583952, 0.00018298
0.584237, 0.000185927
0.584523, 0.000188152
0.584808, 0.00018975
0.585093, 0.000190741
0.585378, 0.000191425
0.585664, 0.000191856
0.585949, 0.000192039
0.586234, 0.000191192
0.58652, 0.000188741
0.586805, 0.000185277
0.58709, 0.000181655
0.587375, 0.000179442
0.587661, 0.000178963
0.587946, 0.00018029
0.588231, 0.000182805
0.588516, 0.00018575
0.588802, 0.000188112
0.589087, 0.000189787
0.589372, 0.0001908
0.589658, 0.000191505
0.589943, 0.000191951
0.590228, 0.000192272
0.590513, 0.000191544
0.590799, 0.000189534
0.591084, 0.000186193
0.591369, 0.000182501
0.591654, 0.000180047
0.59194, 0.000179359
0.592225, 0.000180461
0.59251, 0.00018282
0.592796, 0.000185725
0.593081, 0.000188248
0.593366, 0.000190074
0.593651, 0.000191128
0.593937, 0.000191891
0.594222, 0.000192152
0.594507, 0.000192485
0.594792, 0.000191893
0.595078, 0.000190096
0.595363, 0.000186887
0.595648, 0.000183175
0.595934, 0.000180479
0.596219, 0.000179578
0.596504, 0.000180441
0.596789, 0.000182665
0.597075, 0.000185526
0.59736, 0.000188186
0.597645, 0.000190077
0.59793, 0.00019115
0.598216, 0.000191948
0.598501, 0.000192438
0.598786, 0.000192851
0.599072, 0.000192412
0.599357, 0.00019083
0.599642, 0.000187767
0.599927, 0.000184061
0.600213, 0.000181139
0.600498, 0.000179999
0.600783, 0.000180608
0.601068, 0.000182696
0.601354, 0.000185537
0.601639, 0.000188274
0.601924, 0.000190288
0.60221, 0.000191381
0.602495, 0.000192204
0.60278, 0.00019272
0.603065, 0.000193168
0.603351, 0.000192886
0.603636, 0.000191497
0.603921, 0.000188576
0.604206, 0.000184897
0.604492, 0.000181765
0.604777, 0.000180432
0.605062, 0.00018079
0.605348, 0.000182704
0.605633, 0.000185487
0.605918, 0.000188288
0.606203, 0.000190387
0.606489, 0.000191624
0.606774, 0.000192508
0.607059, 0.000193062
0.607344, 0.000193471
0.60763, 0.000193312
0.607915, 0.000192107
0.6082, 0.000189363
0.608486, 0.000185732
0.608771, 0.000182429
0.609056, 0.000180896
0.609341, 0.000180993
0.609627, 0.000182751
0.609912, 0.000185456
0.610197, 0.000188323
0.610482, 0.000190439
0.610768, 0.000191788
0.611053, 0.000192706
0.611338, 0.000193312
0.611624, 0.000193761
0.611909, 0.000193748
0.612194, 0.000192709
0.612479, 0.000190179
0.612765, 0.000186622
0.61305, 0.000183182
0.613335, 0.000181376
0.61362, 0.000181242
0.613906, 0.000182827
0.614191, 0.00018546
0.614476, 0.000188353
0.614762, 0.00019054
0.615047, 0.000192008
0.615332, 0.000192945
0.615617, 0.000193598
0.615903, 0.000194035
0.616188, 0.000194171
0.616473, 0.000193258
0.616758, 0.000190934
0.617044, 0.000187462
0.617329, 0.000183918
0.617614, 0.000181857
0.6179, 0.000181503
0.618185, 0.000182889
0.61847, 0.000185412
0.618755, 0.000188326
0.619041, 0.000190597
0.619326, 0.000192239
0.619611, 0.000193238
0.619896, 0.000193929
0.620182, 0.00019434
0.620467, 0.00019455
0.620752, 0.000193764
0.621038, 0.00019166
0.621323, 0.000188157
0.621608, 0.000184541
0.621893, 0.000182261
0.622179, 0.000181663
0.622464, 0.000182866
0.622749, 0.000185264
0.623034, 0.000188165
0.62332, 0.000190563
0.623605, 0.000192303
0.62389, 0.000193339
0.624175, 0.000194061
0.624461, 0.000194526
0.624746, 0.00019482
0.625031, 0.000194159
0.625317, 0.000192297
0.625602, 0.000189059
0.625887, 0.000185406
0.626172, 0.000182868
0.626458, 0.000182084
0.626743, 0.000183073
0.627028, 0.000185342
0.627313, 0.000188186
0.627599, 0.000190734
0.627884, 0.000192547
0.628169, 0.00019359
0.628455, 0.00019434
0.62874, 0.000194668
0.629025, 0.000195065
0.62931, 0.000194555
0.629596, 0.000192867
0.629881, 0.000189757
0.630166, 0.000186089
0.630451, 0.000183315
0.630737, 0.000182319
0.631022, 0.000183048
0.631307, 0.000185168
0.631593, 0.00018799
0.631878, 0.00019065
0.632163, 0.000192611
0.632448, 0.000193687
0.632734, 0.000194499
0.633019, 0.000194973
0.633304, 0.000195364
0.633589, 0.000194972
0.633875, 0.000193497
0.63416, 0.000190523
0.634445, 0.000186876
0.634731, 0.000183914
0.635016, 0.000182715
0.635301, 0.000183199
0.635586, 0.00018519
0.635872, 0.00018796
0.636157, 0.000190691
0.636442, 0.000192731
0.636727, 0.000193885
0.637013, 0.000194736
0.637298, 0.000195264
0.637583, 0.000195693
0.637869, 0.000195457
0.638154, 0.00019417
0.638439, 0.000191355
0.638724, 0.000187732
0.63901, 0.000184584
0.639295, 0.000183194
0.63958, 0.000183419
0.639865, 0.00018526
0.640151, 0.000187983
0.640436, 0.000190767
0.640721, 0.000192857
0.641007, 0.000194083
0.641292, 0.000194962
0.641577, 0.000195532
0.641862, 0.000195969
0.642148, 0.000195861
0.642433, 0.000194719
0.642718, 0.000192089
0.643003, 0.000188534
0.643289, 0.000185224
0.643574, 0.000183599
0.643859, 0.000183607
0.644145, 0.00018527
0.64443, 0.000187918
0.644715, 0.000190747
0.645, 0.000192873
0.645286, 0.000194279
0.645571, 0.00019518
0.645856, 0.000195787
0.646141, 0.000196169
0.646427, 0.000196205
0.646712, 0.000195221
0.646997, 0.0001928
0.647283, 0.000189319
0.647568, 0.000185888
0.647853, 0.000184025
0.648138, 0.000183819
0.648424, 0.000185309
0.648709, 0.000187866
0.648994, 0.000190735
0.649279, 0.000192906
0.649565, 0.000194443
0.64985, 0.000195409
0.650135, 0.000196076
0.650421, 0.000196479
0.650706, 0.000196642
0.650991, 0.000195785
0.651276, 0.000193556
0.651562, 0.000190169
0.651847, 0.00018665
0.652132, 0.000184556
0.652417, 0.00018412
0.652703, 0.000185437
0.652988, 0.000187895
0.653273, 0.000190784
0.653559, 0.000193066
0.653844, 0.000194688
0.654129, 0.000195676
0.654414, 0.000196357
0.6547, 0.000196782
0.654985, 0.00019704
0.65527, 0.000196295
0.655555, 0.0001943
0.655841, 0.000190782
0.656126, 0.00018719
0.656411, 0.000184851
0.656697, 0.000184209
0.656982, 0.000185337
0.657267, 0.000187679
0.657552, 0.000190518
0.657838, 0.00019295
0.658123, 0.000194672
0.658408, 0.000195692
0.658693, 0.000196402
0.658979, 0.000196864
0.659264, 0.000197206
0.659549, 0.000196601
0.659835, 0.000194798
0.66012, 0.000191631
0.660405, 0.000188011
0.66069, 0.000185427
0.660976, 0.000184612
0.661261, 0.000185522
0.661546, 0.000187711
0.661831, 0.000190522
0.662117, 0.000193086
0.662402, 0.000194946
0.662687, 0.000195995
0.662973, 0.000196776
0.663258, 0.000196986
0.663543, 0.000197344
0.663828, 0.00019687
0.664114, 0.000195266
0.664399, 0.00019222
0.664684, 0.000188594
0.664969, 0.000185812
0.665255, 0.000184761
0.66554, 0.000185421
0.665825, 0.000187492
0.666111, 0.000190263
0.666396, 0.000192926
0.666681, 0.000194881
0.666966, 0.000195956
0.667252, 0.000196778
0.667537, 0.000197265
0.667822, 0.000197686
0.668107, 0.00019734
0.668393, 0.000195933
0.668678, 0.000193028
0.668963, 0.000189424
0.669248, 0.000186453
0.669534, 0.000185222
0.669819, 0.00018563
0.670104, 0.000187566
0.67039, 0.000190304
0.670675, 0.000193018
0.67096, 0.000195033
0.671245, 0.000196168
0.671531, 0.000197006
0.671816, 0.000197535
0.672101, 0.000197969
0.672386, 0.000197754
0.672672, 0.0001965
0.672957, 0.000193761
0.673242, 0.0001902
0.673528, 0.000187032
0.673813, 0.000185618
0.674098, 0.00018579
0.674383, 0.000187563
0.674669, 0.000190237
0.674954, 0.000193002
0.675239, 0.000195088
0.675524, 0.000196358
0.67581, 0.000197226
0.676095, 0.000197789
0.67638, 0.000198183
0.676666, 0.000198116
0.676951, 0.000197028
0.677236, 0.000194474
0.677521, 0.000190968
0.677807, 0.000187659
0.678092, 0.000186011
0.678377, 0.000185989
0.678662, 0.000187593
0.678948, 0.000190193
0.679233, 0.000192995
0.679518, 0.000195118
0.679804, 0.000196526
0.680089, 0.000197453
0.680374, 0.000198074
0.680659, 0.000198471
0.680945, 0.000198538
0.68123, 0.000197584
0.681515, 0.000195208
0.6818, 0.000191773
0.682086, 0.000188363
0.682371, 0.000186483
0.682656, 0.000186232
0.682942, 0.00018768
0.683227, 0.000190191
0.683512, 0.000193037
0.683797, 0.0001952
0.684083, 0.000196727
0.684368, 0.000197682
0.684653, 0.00019834
0.684938, 0.000198765
0.685224, 0.000198927
0.685509, 0.000198106
0.685794, 0.000195951
0.68608, 0.000192609
0.686365, 0.00018911
0.68665, 0.000186978
0.686935, 0.000186509
0.687221, 0.000187779
0.687506, 0.000190194
0.687791, 0.000193031
0.688076, 0.000195307
0.688362, 0.000196925
0.688647, 0.000197902
0.688932, 0.000198577
0.689218, 0.000198998
0.689503, 0.000199295
0.689788, 0.000198567
0.690073, 0.000196604
0.690359, 0.000193208
0.690644, 0.000189653
0.690929, 0.000187311
0.691214, 0.000186655
0.6915, 0.000187736
0.691785, 0.000190019
0.69207, 0.000192818
0.692356, 0.000195228
0.692641, 0.000196981
0.692926, 0.000197991
0.693211, 0.000198705
0.693497, 0.000199142
0.693782, 0.000199429
0.694067, 0.00019884
0.694352, 0.000197107
0.694638, 0.000194002
0.694923, 0.000190424
0.695208, 0.000187852
0.695494, 0.000187018
0.695779, 0.000187883
0.696064, 0.000190045
0.696349, 0.000192809
0.696635, 0.000195354
0.69692, 0.000197191
0.697205, 0.000198235
0.69749, 0.00019902
0.697776, 0.000199327
0.698061, 0.000199699
0.698346, 0.000199239
0.698632, 0.000197672
0.698917, 0.000194675
0.699202, 0.000191094
0.699487, 0.000188333
0.699773, 0.000187293
0.700058, 0.000187922
0.700343, 0.000189957
0.700628, 0.000192697
0.700914, 0.000195353
0.701199, 0.000197278
0.701484, 0.000198326
0.70177, 0.000199131
0.702055, 0.000199618
0.70234, 0.00020005
0.702625, 0.000199712
0.702911, 0.000198334
0.703196, 0.000195473
0.703481, 0.000191914
0.703766, 0.000188942
0.704052, 0.000187713
0.704337, 0.000188098
0.704622, 0.000189999
0.704908, 0.0001927
0.705193, 0.000195385
0.705478, 0.000197392
0.705763, 0.000198522
0.706049, 0.000199351
0.706334, 0.000199875
0.706619, 0.000200301
0.706904, 0.000200129
0.70719, 0.000198894
0.707475, 0.000196187
0.70776, 0.00019266
0.708046, 0.000189515
0.708331, 0.000188114
0.708616, 0.00018828
0.708901, 0.000190022
0.709187, 0.000192659
0.709472, 0.000195392
0.709757, 0.000197452
0.710042, 0.00019871
0.710328, 0.000199574
0.710613, 0.000200136
0.710898, 0.000200504
0.711184, 0.000200451
0.711469, 0.000199389
0.711754, 0.000196877
0.712039, 0.000193411
0.712325, 0.000190134
0.71261, 0.000188502
0.712895, 0.000188468
0.71318, 0.000190051
0.713466, 0.000192613
0.713751, 0.000195384
0.714036, 0.000197474
0.714322, 0.000198876
0.714607, 0.000199796
0.714892, 0.00020041
0.715177, 0.000200801
0.715463, 0.000200866
0.715748, 0.000199925
0.716033, 0.000197579
0.716318, 0.00019419
0.716604, 0.000190821
0.716889, 0.000188964
0.717174, 0.000188715
0.717459, 0.000190143
0.717745, 0.000192624
0.71803, 0.000195437
0.718315, 0.000197578
0.718601, 0.000199089
0.718886, 0.000200033
0.719171, 0.000200682
0.719456, 0.0002011
0.719742, 0.000201258
0.720027, 0.000200442
0.720312, 0.000198309
0.720597, 0.000195002
0.720883, 0.000191545
0.721168, 0.000189451
0.721453, 0.000188991
0.721739, 0.000190248
0.722024, 0.000192636
0.722309, 0.000195439
0.722594, 0.000197683
0.72288, 0.000199283
0.723165, 0.000200252
0.72345, 0.000200921
0.723735, 0.000201336
0.724021, 0.000201606
0.724306, 0.000200886
0.724591, 0.000198945
0.724877, 0.000195457
0.725162, 0.000191939
0.725447, 0.000189634
0.725732, 0.00018899
0.726018, 0.000190071
0.726303, 0.000192334
0.726588, 0.000195106
0.726873, 0.000197494
0.727159, 0.000199234
0.727444, 0.000200231
0.727729, 0.000200934
0.728015, 0.000201361
0.7283, 0.000201654
0.728585, 0.000201062
0.72887, 0.000199326
0.729156, 0.000196248
0.729441, 0.000192711
0.729726, 0.000190179
0.730011, 0.000189369
0.730297, 0.000190241
0.730582, 0.000192373
0.730867, 0.000195113
0.731153, 0.000197622
0.731438, 0.000199446
0.731723, 0.000200476
0.732008, 0.000201247
0.732294, 0.00020145
0.732579, 0.0002018
0.732864, 0.000201335
0.733149, 0.000199771
0.733435, 0.000196791
0.73372, 0.000193242
0.734005, 0.000190518
0.734291, 0.000189483
0.734576, 0.000190121
0.734861, 0.00019214
0.735146, 0.00019485
0.735432, 0.000197459
0.735717, 0.000199376
0.736002, 0.000200429
0.736287, 0.000201235
0.736573, 0.000201711
0.736858, 0.000202121
0.737143, 0.000201782
0.737429, 0.000200401
0.737714, 0.000197554
0.737999, 0.000194028
0.738284, 0.000191127
0.73857, 0.000189931
0.738855, 0.000190334
0.73914, 0.000192227
0.739425, 0.000194902
0.739711, 0.000197557
0.739996, 0.00019953
0.740281, 0.000200647
0.740567, 0.000201466
0.740852, 0.00020199
0.741137, 0.000202413
0.741422, 0.000202197
0.741708, 0.000200957
0.741993, 0.000198269
0.742278, 0.000194781
0.742563, 0.000191692
0.742849, 0.000190327
0.743134, 0.000190508
0.743419, 0.000192255
0.743705, 0.000194875
0.74399, 0.000197578
0.744275, 0.000199616
0.74456, 0.00020084
0.744846, 0.000201688
0.745131, 0.000202237
0.745416, 0.000202655
0.745701, 0.000202589
0.745987, 0.000201506
0.746272, 0.000198974
0.746557, 0.000195528
0.746843, 0.0001923
0.747128, 0.000190709
0.747413, 0.000190706
0.747698, 0.000192291
0.747984, 0.000194841
0.748269, 0.000197588
0.748554, 0.000199661
0.748839, 0.000201039
0.749125, 0.00020193
0.74941, 0.000202526
0.749695, 0.000202902
0.749981, 0.000202937
0.750266, 0.000201985
0.750551, 0.000199651
0.750836, 0.000196279
0.751122, 0.000192951
0.751407, 0.000191141
0.751692, 0.000190931
0.751977, 0.000192371
0.752263, 0.000194833
0.752548, 0.000197608
0.752833, 0.000199713
0.753119, 0.000201209
0.753404, 0.000202145
0.753689, 0.000202782
0.753974, 0.000203174
0.75426, 0.000203317
0.754545, 0.000202489
0.75483, 0.00020033
0.755115, 0.000197048
0.755401, 0.000193648
0.755686, 0.000191633
0.755971, 0.000191217
0.756257, 0.000192491
0.756542, 0.000194865
0.756827, 0.000197646
0.757112, 0.000199859
0.757398, 0.000201428
0.757683, 0.000202393
0.757968, 0.000203057
0.758253, 0.000203468
0.758539, 0.0002037
0.758824, 0.000202981
0.759109, 0.000201032
0.759395, 0.000197671
0.75968, 0.000194197
0.759965, 0.00019197
0.76025, 0.000191365
0.760536, 0.000192469
0.760821, 0.000194737
0.761106, 0.000197477
0.761391, 0.000199817
0.761677, 0.000201485
0.761962, 0.000202473
0.762247, 0.000203154
0.762532, 0.000203592
0.762818, 0.000203886
0.763103, 0.000203269
0.763388, 0.000201486
0.763674, 0.00019841
0.763959, 0.000194916
0.764244, 0.000192457
0.764529, 0.000191674
0.764815, 0.000192584
0.7651, 0.000194723
0.765385, 0.000197441
0.76567, 0.000199893
0.765956, 0.000201684
0.766241, 0.000202685
0.766526, 0.000203409
0.766812, 0.000203671
0.767097, 0.000204027
0.767382, 0.000203537
0.767667, 0.000201936
0.767953, 0.000198967
0.768238, 0.000195459
0.768523, 0.000192803
0.768808, 0.00019186
0.769094, 0.000192553
0.769379, 0.000194571
0.769664, 0.000197264
0.76995, 0.000199821
0.770235, 0.000201699
0.77052, 0.000202728
0.770805, 0.000203517
0.771091, 0.00020397
0.771376, 0.000204347
0.771661, 0.000203972
0.771946, 0.000202559
0.772232, 0.000199712
0.772517, 0.000196217
0.772802, 0.000193381
0.773088, 0.00019224
0.773373, 0.000192706
0.773658, 0.000194606
0.773943, 0.000197254
0.774229, 0.000199871
0.774514, 0.000201811
0.774799, 0.000202915
0.775084, 0.00020373
0.77537, 0.000204223
0.775655, 0.000204615
0.77594, 0.000204375
0.776226, 0.000203129
0.776511, 0.000200413
0.776796, 0.00019695
0.777081, 0.000193964
0.777367, 0.000192671
0.777652, 0.00019291
0.777937, 0.000194679
0.778222, 0.000197283
0.778508, 0.000199957
0.778793, 0.000201954
0.779078, 0.000203132
0.779364, 0.000203973
0.779649, 0.000204511
0.779934, 0.000204925
0.780219, 0.000204804
0.780505, 0.000203703
0.78079, 0.000201157
0.781075, 0.000197737
0.78136, 0.000194588
0.781646, 0.000193096
0.781931, 0.00019314
0.782216, 0.000194767
0.782502, 0.00019731
0.782787, 0.000200011
0.783072, 0.000202036
0.783357, 0.000203326
0.783643, 0.000204195
0.783928, 0.000204771
0.784213, 0.000205173
0.784498, 0.000205167
0.784784, 0.000204175
0.785069, 0.000201793
0.785354, 0.000198441
0.78564, 0.000195185
0.785925, 0.000193464
0.78621, 0.000193316
0.786495, 0.000194786
0.786781, 0.000197258
0.787066, 0.000199997
0.787351, 0.000202078
0.787636, 0.000203514
0.787922, 0.000204399
0.788207, 0.000205008
0.788492, 0.000205406
0.788778, 0.000205527
0.789063, 0.000204661
0.789348, 0.00020246
0.789633, 0.000199173
0.789919, 0.000195822
0.790204, 0.000193882
0.790489, 0.00019355
0.790774, 0.000194855
0.79106, 0.000197235
0.791345, 0.00019999
0.79163, 0.000202131
0.791916, 0.000203688
0.792201, 0.000204623
0.792486, 0.000205272
0.792771, 0.000205643
0.793057, 0.000205836
0.793342, 0.000205076
0.793627, 0.000203084
0.793912, 0.000199599
0.794198, 0.000196177
0.794483, 0.000194047
0.794768, 0.000193527
0.795054, 0.000194685
0.795339, 0.000196963
0.795624, 0.000199712
0.795909, 0.000201963
0.796195, 0.000203612
0.79648, 0.000204594
0.796765, 0.000205279
0.79705, 0.000205704
0.797336, 0.000205956
0.797621, 0.000205296
0.797906, 0.000203475
0.798192, 0.000200382
0.798477, 0.00019693
0.798762, 0.000194603
0.799047, 0.000193905
0.799333, 0.000194888
0.799618, 0.00019705
0.799903, 0.000199752
0.800188, 0.000202139
0.800474, 0.000203868
0.800759, 0.000204871
0.801044, 0.00020559
0.80133, 0.000205736
0.801615, 0.000206058
0.8019, 0.000205526
0.802185, 0.000203888
0.802471, 0.000200901
0.802756, 0.00019743
0.803041, 0.00019489
0.803326, 0.000194013
0.803612, 0.000194781
0.803897, 0.000196834
0.804182, 0.000199504
0.804468, 0.000201993
0.804753, 0.000203785
0.805038, 0.000204788
0.805323, 0.000205537
0.805609, 0.000206
0.805894, 0.000206374
0.806179, 0.000205962
0.806464, 0.000204471
0.80675, 0.000201602
0.807035, 0.000198137
0.80732, 0.000195409
0.807606, 0.000194344
0.807891, 0.000194904
0.808176, 0.000196839
0.808461, 0.000199483
0.808747, 0.000202046
0.809032, 0.000203944
0.809317, 0.000204974
0.809602, 0.000205752
0.809888, 0.000206225
0.810173, 0.000206634
0.810458, 0.00020635
0.810743, 0.000205014
0.811029, 0.000202256
0.811314, 0.000198815
0.811599, 0.000195916
0.811885, 0.000194705
0.81217, 0.000195051
0.812455, 0.000196854
0.81274, 0.000199454
0.813026, 0.000202063
0.813311, 0.000204014
0.813596, 0.000205156
0.813881, 0.000205962
0.814167, 0.000206467
0.814452, 0.000206853
0.814737, 0.000206689
0.815023, 0.000205524
0.815308, 0.000202927
0.815593, 0.000199517
0.815878, 0.000196448
0.816164, 0.00019507
0.816449, 0.000195218
0.816734, 0.000196883
0.817019, 0.00019943
0.817305, 0.00020209
0.81759, 0.000204115
0.817875, 0.000205348
0.818161, 0.000206208
0.818446, 0.000206759
0.818731, 0.000207137
0.819016, 0.000207088
0.819302, 0.000206062
0.819587, 0.000203622
0.819872, 0.000200258
0.820157, 0.000197071
0.820443, 0.000195477
0.820728, 0.000195429
0.821013, 0.000196961
0.821299, 0.000199435
0.821584, 0.00020213
0.821869, 0.000204158
0.822154, 0.000205523
0.82244, 0.000206417
0.822725, 0.000207005
0.82301, 0.000207377
0.823295, 0.000207447
0.823581, 0.00020654
0.823866, 0.000204267
0.824151, 0.000200979
0.824437, 0.000197718
0.824722, 0.000195924
0.825007, 0.000195686
0.825292, 0.000197068
0.825578, 0.000199468
0.825863, 0.000202193
0.826148, 0.000204264
0.826433, 0.000205752
0.826719, 0.000206671
0.827004, 0.000207296
0.827289, 0.000207676
0.827575, 0.000207828
0.82786, 0.000207038
0.828145, 0.000204768
0.82843, 0.000201555
0.828716, 0.000198211
0.829001, 0.00019621
0.829286, 0.000195784
0.829571, 0.000197016
0.829857, 0.000199333
0.830142, 0.000202051
0.830427, 0.000204227
0.830713, 0.000205777
0.830998, 0.00020672
0.831283, 0.00020737
0.831568, 0.00020777
0.831854, 0.000208009
0.832139, 0.000207297
0.832424, 0.000205398
0.832709, 0.000202283
0.832995, 0.000198885
0.83328, 0.000196674
0.833565, 0.000196068
0.833851, 0.000197132
0.834136, 0.000199339
0.834421, 0.000202016
0.834706, 0.000204319
0.834992, 0.000205961
0.835277, 0.000206934
0.835562, 0.000207607
0.835847, 0.000207863
0.836133, 0.000208177
0.836418, 0.000207576
0.836703, 0.000205827
0.836989, 0.000202802
0.837274, 0.000199374
0.837559, 0.000196958
0.837844, 0.000196195
0.83813, 0.000197084
0.838415, 0.000199168
0.8387, 0.000201825
0.838985, 0.000204226
0.839271, 0.000205981
0.839556, 0.000206959
0.839841, 0.000207669
0.840127, 0.000208083
0.840412, 0.00020843
0.840697, 0.00020795
0.840982, 0.00020638
0.841268, 0.000203471
0.841553, 0.000200034
0.841838, 0.000197433
0.842123, 0.000196513
0.842409, 0.00019719
0.842694, 0.000199162
0.842979, 0.000201797
0.843265, 0.000204293
0.84355, 0.000206138
0.843835, 0.000207147
0.84412, 0.000207904
0.844406, 0.000208342
0.844691, 0.000208706
0.844976, 0.000208329
0.845261, 0.00020694
0.845547, 0.000204146
0.845832, 0.000200722
0.846117, 0.000197956
0.846403, 0.000196856
0.846688, 0.000197322
0.846973, 0.000199172
0.847258, 0.000201769
0.847544, 0.000204321
0.847829, 0.000206239
0.848114, 0.000207315
0.848399, 0.000208111
0.848685, 0.000208589
0.84897, 0.000208978
0.849255, 0.000208723
0.849541, 0.000207486
0.849826, 0.000204808
0.850111, 0.00020141
0.850396, 0.000198492
0.850682, 0.000197221
0.850967, 0.000197471
0.851252, 0.00019921
0.851537, 0.000201757
0.851823, 0.000204364
0.852108, 0.000206338
0.852393, 0.000207495
0.852679, 0.000208325
0.852964, 0.000208844
0.853249, 0.000209231
0.853534, 0.000209103
0.85382, 0.000208011
0.854105, 0.000205484
0.85439, 0.000202134
0.854675, 0.000199063
0.854961, 0.000197636
0.855246, 0.000197708
0.855531, 0.000199315
0.855816, 0.000201808
0.856102, 0.000204466
0.856387, 0.00020644
0.856672, 0.000207694
0.856958, 0.000208544
0.857243, 0.000209105
0.857528, 0.0002095
0.857813, 0.000209483
0.858099, 0.000208513
0.858384, 0.000206159
0.858669, 0.000202859
0.858954, 0.000199687
0.85924, 0.000198054
0.859525, 0.000197942
0.85981, 0.000199409
0.860096, 0.000201839
0.860381, 0.000204514
0.860666, 0.000206536
0.860951, 0.000207895
0.861237, 0.000208778
0.861522, 0.000209377
0.861807, 0.000209761
0.862092, 0.00020984
0.862378, 0.000208959
0.862663, 0.000206409
0.862948, 0.000203172
0.863234, 0.000199915
0.863519, 0.000198073
0.863804, 0.000197783
0.864089, 0.000199109
0.864375, 0.00020147
0.86466, 0.000204171
0.864945, 0.000206264
0.86523, 0.000207738
0.865516, 0.000208651
0.865801, 0.000209281
0.866086, 0.000209684
0.866372, 0.000209873
0.866657, 0.000209092
0.866942, 0.000207073
0.867227, 0.000203917
0.867513, 0.000200592
0.867798, 0.000198555
0.868083, 0.00019809
0.868368, 0.000199266
0.868654, 0.000201526
0.868939, 0.00020422
0.869224, 0.0002064
0.86951, 0.000207992
0.869795, 0.000208924
0.87008, 0.000209578
0.870365, 0.000209668
0.870651, 0.000209939
0.870936, 0.000209264
0.871221, 0.000207424
0.871506, 0.000204356
0.871792, 0.000200971
0.872077, 0.00019873
0.872362, 0.000198102
0.872648, 0.000199106
0.872933, 0.000201255
0.873218, 0.000203911
0.873503, 0.000206215
0.873789, 0.000207897
0.874074, 0.000208865
0.874359, 0.000209545
0.874644, 0.000209953
0.87493, 0.000210234
0.875215, 0.000209659
0.8755, 0.000208004
0.875786, 0.000205043
0.876071, 0.00020164
0.876356, 0.000199199
0.876641, 0.000198409
0.876927, 0.000199227
0.877212, 0.000201254
0.877497, 0.000203875
0.877782, 0.000206284
0.878068, 0.000208038
0.878353, 0.000209025
0.878638, 0.000209761
0.878924, 0.000210186
0.879209, 0.000210521
0.879494, 0.000210066
0.879779, 0.000208561
0.880065, 0.000205698
0.88035, 0.000202295
0.880635, 0.000199691
0.88092, 0.000198725
0.881206, 0.000199344
0.881491, 0.000201278
0.881776, 0.000203872
0.882062, 0.000206374
0.882347, 0.000208219
0.882632, 0.000209228
0.882917, 0.000210002
0.883203, 0.00021045
0.883488, 0.000210826
0.883773, 0.000210484
0.884058, 0.000209142
0.884344, 0.000206391
0.884629, 0.00020301
0.884914, 0.000200253
0.8852, 0.000199139
0.885485, 0.000199546
0.88577, 0.000201367
0.886055, 0.000203932
0.886341, 0.000206483
0.886626, 0.000208389
0.886911, 0.000209463
0.887196, 0.000210253
0.887482, 0.000210738
0.887767, 0.000211124
0.888052, 0.000210902
0.888338, 0.000209711
0.888623, 0.000207095
0.888908, 0.000203735
0.889193, 0.00020082
0.889479, 0.000199542
0.889764, 0.000199751
0.890049, 0.000201449
0.890334, 0.000203966
0.89062, 0.00020655
0.890905, 0.000208495
0.89119, 0.000209642
0.891476, 0.000210457
0.891761, 0.000210984
0.892046, 0.000211384
0.892331, 0.000211265
0.892617, 0.000210191
0.892902, 0.000207723
0.893187, 0.000204406
0.893472, 0.000201345
0.893758, 0.000199878
0.894043, 0.000199913
0.894328, 0.00020148
0.894614, 0.00020394
0.894899, 0.000206558
0.895184, 0.000208528
0.895469, 0.000209788
0.895755, 0.00021064
0.89604, 0.000211202
0.896325, 0.000211587
0.89661, 0.000211575
0.896896, 0.000210606
0.897181, 0.000208094
0.897466, 0.000204836
0.897752, 0.000201678
0.898037, 0.000200017
0.898322, 0.000199882
0.898607, 0.000201314
0.898893, 0.000203716
0.899178, 0.000206377
0.899463, 0.000208401
0.899748, 0.000209762
0.900034, 0.000210631
0.900319, 0.000211228
0.900604, 0.000211616
0.900889, 0.00021173
0.901175, 0.000210879
0.90146, 0.000208733
0.901745, 0.000205538
0.902031, 0.0002023
0.902316, 0.00020044
0.902601, 0.000200128
0.902886, 0.000201408
0.903172, 0.000203725
0.903457, 0.000206392
0.903742, 0.000208467
0.904027, 0.000209972
0.904313, 0.000210873
0.904598, 0.000211324
0.904883, 0.000211718
0.905169, 0.000211907
0.905454, 0.000211159
0.905739, 0.00020919
0.906024, 0.00020607
0.90631, 0.000202755
0.906595, 0.000200698
0.90688, 0.000200218
0.907165, 0.000201347
0.907451, 0.000203566
0.907736, 0.000206237
0.908021, 0.000208402
0.908307, 0.000209996
0.908592, 0.000210929
0.908877, 0.000211579
0.909162, 0.000211971
0.909448, 0.000212197
0.909733, 0.000211531
0.910018, 0.000209744
0.910303, 0.000206721
0.910589, 0.000203363
0.910874, 0.000201126
0.911159, 0.000200477
0.911445, 0.000201441
0.91173, 0.00020355
0.912015, 0.000206169
0.9123, 0.000208463
0.912586, 0.00021013
0.912871, 0.00021109
0.913156, 0.000211784
0.913441, 0.000212197
0.913727, 0.000212481
0.914012, 0.000211921
0.914297, 0.000210283
0.914583, 0.000207362
0.914868, 0.000203996
0.915153, 0.000201572
0.915438, 0.00020077
0.915724, 0.000201563
0.916009, 0.000203572
0.916294, 0.000206159
0.916579, 0.000208558
0.916865, 0.000210303
0.91715, 0.000211287
0.917435, 0.000212024
0.917721, 0.000212449
0.918006, 0.000212791
0.918291, 0.000212358
0.918576, 0.000210882
0.918862, 0.000208055
0.919147, 0.000204691
0.919432, 0.00020211
0.919717, 0.000201151
0.920003, 0.00020175
0.920288, 0.000203656
0.920573, 0.000206225
0.920859, 0.000208706
0.921144, 0.000210532
0.921429, 0.00021153
0.921714, 0.000212294
0.922, 0.000212736
0.922285, 0.000213111
0.92257, 0.000212776
0.922855, 0.000211459
0.923141, 0.000208747
0.923426, 0.000205403
0.923711, 0.000202661
0.923997, 0.000201552
0.924282, 0.000201947
0.924567, 0.000203741
0.924852, 0.000206273
0.925138, 0.00020882
0.925423, 0.000210689
0.925708, 0.000211744
0.925993, 0.000212519
0.926279, 0.000213004
0.926564, 0.000213388
0.926849, 0.00021317
0.927135, 0.000211993
0.92742, 0.000209417
0.927705, 0.000206094
0.92799, 0.000203208
0.928276, 0.000201939
0.928561, 0.00020214
0.928846, 0.000203817
0.929131, 0.000206308
0.929417, 0.000208869
0.929702, 0.000210799
0.929987, 0.000211931
0.930273, 0.000212738
0.930558, 0.000213257
0.930843, 0.000213649
0.931128, 0.000213534
0.931414, 0.000212475
0.931699, 0.000209687
0.931984, 0.000206398
0.932269, 0.000203368
0.932555, 0.000201919
0.93284, 0.000201957
0.933125, 0.000203514
0.933411, 0.000205957
0.933696, 0.000208559
0.933981, 0.000210526
0.934266, 0.000211781
0.934552, 0.000212624
0.934837, 0.000213183
0.935122, 0.000213565
0.935407, 0.000213556
0.935693, 0.0002126
0.935978, 0.000210307
0.936263, 0.000207084
0.936549, 0.00020396
0.936834, 0.000202319
0.937119, 0.000202187
0.937404, 0.000203606
0.93769, 0.000205984
0.937975, 0.00020862
0.93826, 0.000210627
0.938545, 0.000211977
0.938831, 0.000212842
0.939116, 0.000213102
0.939401, 0.00021348
0.939687, 0.000213595
0.939972, 0.000212745
0.940257, 0.000210612
0.940542, 0.000207441
0.940828, 0.000204232
0.941113, 0.000202393
0.941398, 0.000202085
0.941683, 0.000203356
0.941969, 0.000205653
0.942254, 0.000208296
0.942539, 0.000210351
0.942825, 0.00021184
0.94311, 0.000212729
0.943395, 0.000213346
0.94368, 0.000213727
0.943966, 0.0002139
0.944251, 0.00021315
0.944536, 0.000211188
0.944821, 0.000208095
0.945107, 0.000204818
0.945392, 0.000202791
0.945677, 0.00020232
0.945963, 0.000203439
0.946248, 0.000205638
0.946533, 0.000208283
0.946818, 0.000210427
0.947104, 0.000212005
0.947389, 0.00021293
0.947674, 0.000213573
0.947959, 0.000213946
0.948245, 0.000214172
0.94853, 0.000213508
0.948815, 0.000211721
0.9491, 0.000208725
0.949386, 0.000205404
0.949671, 0.000203199
0.949956, 0.000202566
0.950242, 0.000203533
0.950527, 0.000205631
0.950812, 0.000208231
0.951097, 0.000210508
0.951383, 0.000212162
0.951668, 0.000213112
0.951953, 0.000213796
0.952238, 0.000214198
0.952524, 0.000214475
0.952809, 0.000213911
0.953094, 0.000212289
0.95338, 0.000209384
0.953665, 0.000206044
0.95395, 0.000203647
0.954235, 0.000202868
0.954521, 0.000203664
0.954806, 0.000205646
0.955091, 0.000208214
0.955376, 0.000210578
0.955662, 0.000212301
0.955947, 0.000213271
0.956232, 0.000213997
0.956518, 0.000214414
0.956803, 0.000214739
0.957088, 0.000214288
0.957373, 0.000212809
0.957659, 0.00021
0.957944, 0.000206663
0.958229, 0.000204114
0.958514, 0.000203172
0.9588, 0.000203783
0.959085, 0.000205679
0.95937, 0.000208222
0.959656, 0.000210675
0.959941, 0.000212475
0.960226, 0.000213465
0.960511, 0.00021423
0.960797, 0.000214667
0.961082, 0.000215033
0.961367, 0.000214689
0.961652, 0.000213365
0.961938, 0.000210656
0.962223, 0.00020734
0.962508, 0.000204643
0.962794, 0.000203565
0.963079, 0.000203973
0.963364, 0.000205761
0.963649, 0.000208275
0.963935, 0.000210774
0.96422, 0.000212645
0.964505, 0.000213698
0.96479, 0.000214474
0.965076, 0.000214944
0.965361, 0.000215309
0.965646, 0.000215083
0.965932, 0.000213905
0.966217, 0.00021112
0.966502, 0.000207826
0.966787, 0.00020498
0.967073, 0.000203753
0.967358, 0.000203977
0.967643, 0.000205654
0.967928, 0.000208126
0.968214, 0.000210669
0.968499, 0.000212576
0.968784, 0.000213697
0.96907, 0.000214504
0.969355, 0.000215005
0.96964, 0.00021539
0.969925, 0.000215273
0.970211, 0.000214224
0.970496, 0.000211779
0.970781, 0.000208518
0.971066, 0.00020553
0.971352, 0.000204132
0.971637, 0.000204194
0.971922, 0.000205753
0.972208, 0.000208177
0.972493, 0.000210763
0.972778, 0.000212693
0.973063, 0.000213924
0.973349, 0.000214751
0.973634, 0.00021511
0.973919, 0.000215506
0.974204, 0.000215482
0.97449, 0.000214537
0.974775, 0.000212245
0.97506, 0.000209034
0.975346, 0.000205946
0.975631, 0.000204359
0.975916, 0.000204248
0.976201, 0.00020567
0.976487, 0.000208031
0.976772, 0.000210634
0.977057, 0.000212603
0.977342, 0.000213926
0.977628, 0.000214781
0.977913, 0.000215361
0.978198, 0.000215727
0.978484, 0.000215803
0.978769, 0.000214945
0.979054, 0.000212816
0.979339, 0.000209668
0.979625, 0.000206502
0.97991, 0.000204717
0.980195, 0.000204436
0.98048, 0.000205725
0.980766, 0.000208012
0.981051, 0.000210625
0.981336, 0.00021265
0.981622, 0.000214079
0.981907, 0.000214965
0.982192, 0.000215568
0.982477, 0.000215945
0.982763, 0.000216086
0.983048, 0.000215317
0.983333, 0.000213338
0.983618, 0.000210266
0.983904, 0.000207034
0.984189, 0.000205074
0.984474, 0.00020463
0.98476, 0.00020578
0.985045, 0.000207985
0.98533, 0.0002106
0.985615, 0.00021271
0.985901, 0.000214211
0.986186, 0.000215116
0.986471, 0.000215737
0.986756, 0.000216112
0.987042, 0.000216379
0.987327, 0.000215693
0.987612, 0.000213874
0.987898, 0.000210878
0.988183, 0.000207603
0.988468, 0.00020546
0.988753, 0.000204857
0.989039, 0.000205862
0.989324, 0.00020797
0.989609, 0.000210544
0.989894, 0.000212764
0.99018, 0.000214376
0.990465, 0.0002153
0.99075, 0.00021594
0.991036, 0.000216345
0.991321, 0.000216647
0.991606, 0.000216079
0.991891, 0.000214421
0.992177, 0.000211517
0.992462, 0.000208218
0.992747, 0.00020588
0.993032, 0.000205136
0.993318, 0.000205967
0.993603, 0.000207954
0.993888, 0.000210502
0.994173, 0.000212816
0.994459, 0.000214509
0.994744, 0.00021546
0.995029, 0.000216152
0.995315, 0.000216553
0.9956, 0.000216892
0.995885, 0.000216424
0.99617, 0.000214916
0.996456, 0.000212117
0.996741, 0.000208812
0.997026, 0.000206313
0.997311, 0.00020543
0.997597, 0.000206074
0.997882, 0.000207964
0.998167, 0.000210495
0.998453, 0.000212898
0.998738, 0.000214677
0.999023, 0.000215651
0.999308, 0.000216383
0.999594, 0.000216802
0.999879, 0.000217159
