x, y
0, 0
0.00090211, 8.73625e-05
0.00180422, 0.000132456
0.00270633, 0.000168313
0.00360844, 0.000199774
0.00451055, 0.00022744
0.00541266, 0.000234836
0.00631477, 0.000223677
0.00721688, 0.000216991
0.00811899, 0.000214432
0.0090211, 0.000210362
0.00992321, 0.000215158
0.0108253, 0.000220032
0.0117274, 0.000224441
0.0126295, 0.000230147
0.0135316, 0.000230168
0.0144338, 0.000233834
0.0153359, 0.000242829
0.016238, 0.000251294
0.0171401, 0.000252886
0.0180422, 0.000249376
0.0189443, 0.000246716
0.0198464, 0.000245537
0.0207485, 0.000241167
0.0216506, 0.000241269
0.0225527, 0.000236307
0.0234549, 0.000237462
0.024357, 0.000241806
0.0252591, 0.000245174
0.0261612, 0.00025102
0.0270633, 0.000250072
0.0279654, 0.000246878
0.0288675, 0.000245206
0.0297696, 0.000243862
0.0306717, 0.000248243
0.0315738, 0.000250571
0.032476, 0.000254566
0.0333781, 0.000262827
0.0342802, 0.000265176
0.0351823, 0.000265374
0.0360844, 0.000264094
0.0369865, 0.000261306
0.0378886, 0.000265052
0.0387907, 0.000268265
0.0396928, 0.000271231
0.0405949, 0.000273018
0.0414971, 0.000267645
0.0423992, 0.000263276
0.0433013, 0.000260693
0.0442034, 0.000261219
0.0451055, 0.000264056
0.0460076, 0.000265009
0.0469097, 0.000270364
0.0478118, 0.000274838
0.0487139, 0.000273031
0.049616, 0.000273542
0.0505181, 0.000268798
0.0514203, 0.000269848
0.0523224, 0.000273555
0.0532245, 0.00027595
0.0541266, 0.000279866
0.0550287, 0.000276543
0.0559308, 0.000271378
0.0568329, 0.000268599
0.057735, 0.000266743
0.0586371, 0.000269873
0.0595392, 0.00027062
0.0604414, 0.000274483
0.0613435, 0.000281315
0.0622456, 0.000280908
0.0631477, 0.000280356
0.0640498, 0.00027827
0.0649519, 0.000275152
0.065854, 0.000278383
0.0667561, 0.000281394
0.0676582, 0.000284099
0.0685603, 0.000285331
0.0694625, 0.000280088
0.0703646, 0.000275709
0.0712667, 0.000273487
0.0721688, 0.000274298
0.0730709, 0.000275881
0.073973, 0.000277845
0.0748751, 0.000284232
0.0757772, 0.000286833
0.0766793, 0.000284873
0.0775814, 0.000284792
0.0784836, 0.000279883
0.0793857, 0.000281036
0.0802878, 0.000284447
0.0811899, 0.00028634
0.082092, 0.000289732
0.0829941, 0.000286207
0.0838962, 0.000281045
0.0847983, 0.000277776
0.0857004, 0.000276541
0.0866025, 0.000278601
0.0875047, 0.000279465
0.0884068, 0.000284265
0.0893089, 0.000289861
0.090211, 0.000287969
0.0911131, 0.000287341
0.0920152, 0.000284613
0.0929173, 0.000282005
0.0938194, 0.000285259
0.0947215, 0.000287847
0.0956236, 0.000290284
0.0965257, 0.000290567
0.0974279, 0.000285584
0.09833, 0.000280735
0.0992321, 0.000278749
0.100134, 0.00027985
0.101036, 0.000280903
0.101938, 0.000283753
0.102841, 0.000290588
0.103743, 0.000291019
0.104645, 0.000289242
0.105547, 0.0002886
0.106449, 0.00028372
0.107351, 0.000285547
0.108253, 0.00028878
0.109155, 0.000290414
0.110057, 0.000293373
0.11096, 0.000289118
0.111862, 0.000284058
0.112764, 0.000281095
0.113666, 0.000280777
0.114568, 0.000282525
0.11547, 0.000283621
0.116372, 0.00028909
0.117274, 0.000293329
0.118176, 0.000291035
0.119078, 0.000290402
0.119981, 0.000286855
0.120883, 0.000285853
0.121785, 0.000289206
0.122687, 0.000291402
0.123589, 0.0002942
0.124491, 0.000292799
0.125393, 0.000287763
0.126295, 0.000283558
0.127197, 0.000281847
0.1281, 0.000283875
0.129002, 0.000284372
0.129904, 0.000287797
0.130806, 0.000294252
0.131708, 0.000293363
0.13261, 0.000292106
0.133512, 0.000290722
0.134414, 0.000286626
0.135316, 0.00028938
0.136219, 0.000292386
0.137121, 0.000294247
0.138023, 0.000296267
0.138925, 0.000291513
0.139827, 0.000286571
0.140729, 0.000284053
0.141631, 0.00028446
0.142533, 0.000285969
0.143435, 0.000287171
0.144338, 0.000293389
0.14524, 0.000297218
0.146142, 0.000296003
0.147044, 0.000295585
0.147946, 0.000290299
0.148848, 0.000290082
0.14975, 0.000292867
0.150652, 0.000294442
0.151554, 0.00029751
0.152457, 0.000294524
0.153359, 0.000289615
0.154261, 0.000286079
0.155163, 0.000284763
0.156065, 0.000286734
0.156967, 0.000287417
0.157869, 0.000291813
0.158771, 0.000297549
0.159673, 0.000295578
0.160576, 0.000294756
0.161478, 0.000292294
0.16238, 0.000289562
0.163282, 0.000292727
0.164184, 0.000295365
0.165086, 0.0002977
0.165988, 0.000298238
0.16689, 0.000293246
0.167792, 0.00028835
0.168695, 0.000286258
0.169597, 0.000287599
0.170499, 0.000288565
0.171401, 0.000290711
0.172303, 0.00029713
0.173205, 0.000297886
0.174107, 0.000296106
0.175009, 0.000295559
0.175911, 0.000290849
0.176814, 0.000292659
0.177716, 0.000295858
0.178618, 0.000297491
0.17952, 0.000300416
0.180422, 0.000296232
0.181324, 0.00029124
0.182226, 0.000288223
0.183128, 0.000287616
0.18403, 0.000289601
0.184933, 0.00029029
0.185835, 0.000295369
0.186737, 0.000299676
0.187639, 0.000297471
0.188541, 0.000296864
0.189443, 0.000293361
0.190345, 0.000292354
0.191247, 0.000295604
0.192149, 0.000297732
0.193051, 0.000300475
0.193954, 0.000299212
0.194856, 0.000294159
0.195758, 0.000289967
0.19666, 0.000288151
0.197562, 0.000290059
0.198464, 0.000290465
0.199366, 0.000293781
0.200268, 0.00030007
0.20117, 0.000299154
0.202073, 0.000297884
0.202975, 0.00029646
0.203877, 0.000292376
0.204779, 0.000295037
0.205681, 0.000297912
0.206583, 0.000299683
0.207485, 0.000301586
0.208387, 0.000296713
0.209289, 0.000291794
0.210192, 0.00028938
0.211094, 0.000289719
0.211996, 0.000290857
0.212898, 0.000292464
0.2138, 0.000298381
0.214702, 0.000300824
0.215604, 0.000298652
0.216506, 0.000298349
0.217408, 0.000293778
0.218311, 0.000294335
0.219213, 0.000297491
0.220115, 0.000299206
0.221017, 0.000302255
0.221919, 0.000299065
0.222821, 0.000294111
0.223723, 0.000290599
0.224625, 0.000289399
0.225527, 0.000291412
0.22643, 0.000291871
0.227332, 0.000296291
0.228234, 0.000301616
0.229136, 0.000299643
0.230038, 0.000298888
0.23094, 0.00029635
0.231842, 0.000293755
0.232744, 0.000296823
0.233646, 0.000299311
0.234549, 0.000301581
0.235451, 0.000301726
0.236353, 0.000296735
0.237255, 0.00029199
0.238157, 0.000290013
0.239059, 0.000291381
0.239961, 0.000291999
0.240863, 0.000294493
0.241765, 0.000301025
0.242668, 0.00030132
0.24357, 0.000299556
0.244472, 0.000298847
0.245374, 0.000294186
0.246276, 0.000296054
0.247178, 0.000299156
0.24808, 0.000300712
0.248982, 0.000303426
0.249884, 0.000299126
0.250787, 0.000294063
0.251689, 0.00029122
0.252591, 0.000290859
0.253493, 0.000292504
0.254395, 0.000293446
0.255297, 0.000298708
0.256199, 0.000302622
0.257101, 0.000300343
0.258003, 0.000299717
0.258906, 0.000296034
0.259808, 0.000295365
0.26071, 0.000298575
0.261612, 0.000300569
0.262514, 0.000303335
0.263416, 0.000301614
0.264318, 0.000296661
0.26522, 0.000292533
0.266122, 0.000290886
0.267024, 0.000292766
0.267927, 0.000293167
0.268829, 0.000296733
0.269731, 0.000302871
0.270633, 0.000301621
0.271535, 0.000300482
0.272437, 0.000298768
0.273339, 0.000295052
0.274241, 0.000297826
0.275143, 0.000300593
0.276046, 0.000302437
0.276948, 0.00030395
0.27785, 0.000299172
0.278752, 0.000294241
0.279654, 0.000291839
0.280556, 0.000292473
0.281458, 0.000293408
0.28236, 0.000295231
0.283262, 0.000301348
0.284165, 0.000303205
0.285067, 0.000301171
0.285969, 0.000300725
0.286871, 0.000296094
0.287773, 0.000297064
0.288675, 0.000300198
0.289577, 0.000301818
0.290479, 0.000304825
0.291381, 0.000301402
0.292284, 0.000296306
0.293186, 0.000293004
0.294088, 0.000291991
0.29499, 0.000293827
0.295892, 0.000294403
0.296794, 0.000299136
0.297696, 0.000304025
0.298598, 0.000301932
0.2995, 0.000301234
0.300403, 0.000298291
0.301305, 0.000296305
0.302207, 0.000299451
0.303109, 0.00030175
0.304011, 0.000304181
0.304913, 0.000303864
0.305815, 0.00029891
0.306717, 0.000294346
0.307619, 0.000292432
0.308522, 0.000294027
0.309424, 0.000294477
0.310326, 0.000297257
0.311228, 0.000303688
0.31213, 0.000303401
0.313032, 0.000301878
0.313934, 0.000300869
0.314836, 0.000296407
0.315738, 0.000298646
0.316641, 0.000301602
0.317543, 0.000303176
0.318445, 0.000305557
0.319347, 0.000300994
0.320249, 0.000295981
0.321151, 0.000293392
0.322053, 0.000293277
0.322955, 0.000294627
0.323857, 0.000295863
0.32476, 0.000301409
0.325662, 0.000304579
0.326564, 0.000302325
0.327466, 0.000301698
0.328368, 0.000297777
0.32927, 0.000297656
0.330172, 0.000300808
0.331074, 0.000302635
0.331976, 0.000305503
0.332879, 0.000303123
0.333781, 0.000298109
0.334683, 0.000294355
0.335585, 0.000292936
0.336487, 0.000294876
0.337389, 0.000295267
0.338291, 0.000299225
0.339193, 0.000304992
0.340095, 0.000303311
0.340998, 0.000302328
0.3419, 0.000300247
0.342802, 0.000297066
0.343704, 0.000299973
0.344606, 0.000302595
0.345508, 0.000304595
0.34641, 0.000305478
0.347312, 0.000300786
0.348214, 0.000295817
0.349116, 0.00029356
0.350019, 0.000294585
0.350921, 0.00029529
0.351823, 0.000297432
0.352725, 0.000303767
0.353627, 0.000304786
0.354529, 0.000302877
0.355431, 0.00030231
0.356333, 0.000297628
0.357235, 0.000299063
0.358138, 0.000302148
0.35904, 0.000303654
0.359942, 0.000306549
0.360844, 0.000302462
0.361746, 0.00029744
0.362648, 0.000294481
0.36355, 0.00029376
0.364452, 0.000295461
0.365354, 0.000296235
0.366257, 0.000301287
0.367159, 0.000305594
0.368061, 0.000303375
0.368963, 0.000302697
0.369865, 0.000299351
0.370767, 0.000298115
0.371669, 0.00030127
0.372571, 0.000303377
0.373473, 0.000305989
0.374376, 0.000304909
0.375278, 0.000299942
0.37618, 0.000295671
0.377082, 0.000293925
0.377984, 0.000295607
0.378886, 0.000295953
0.379788, 0.000299256
0.38069, 0.000305457
0.381592, 0.000304568
0.382495, 0.000303273
0.383397, 0.000301849
0.384299, 0.000297783
0.385201, 0.000300345
0.386103, 0.000303174
0.387005, 0.000304861
0.387907, 0.000306718
0.388809, 0.000301981
0.389711, 0.000297045
0.390614, 0.000294674
0.391516, 0.000295085
0.392418, 0.000296098
0.39332, 0.000297718
0.394222, 0.00030357
0.395124, 0.00030588
0.396026, 0.00030371
0.396928, 0.000303365
0.39783, 0.000298865
0.398733, 0.000299408
0.399635, 0.000302506
0.400537, 0.000304166
0.401439, 0.000307129
0.402341, 0.000304048
0.403243, 0.000299108
0.404145, 0.000295594
0.405047, 0.000294482
0.405949, 0.00029633
0.406852, 0.000296823
0.407754, 0.000301224
0.408656, 0.000306416
0.409558, 0.000304374
0.41046, 0.00030361
0.411362, 0.00030103
0.412264, 0.000298569
0.413166, 0.000301643
0.414068, 0.000304024
0.414971, 0.000306255
0.415873, 0.000306493
0.416775, 0.000301633
0.417677, 0.00029683
0.418579, 0.000294868
0.419481, 0.000296245
0.420383, 0.00029675
0.421285, 0.000299296
0.422187, 0.000305726
0.423089, 0.000305833
0.423992, 0.000304183
0.424894, 0.00030333
0.425796, 0.00029877
0.426698, 0.00030077
0.4276, 0.000303754
0.428502, 0.000305263
0.429404, 0.000307825
0.430306, 0.000303549
0.431208, 0.000298446
0.432111, 0.000295747
0.433013, 0.000295359
0.433915, 0.000296775
0.434817, 0.000297867
0.435719, 0.000303212
0.436621, 0.000306792
0.437523, 0.000304562
0.438425, 0.000303907
0.439327, 0.000300146
0.44023, 0.000299695
0.441132, 0.000302835
0.442034, 0.000304732
0.442936, 0.000307535
0.443838, 0.000305583
0.44474, 0.000300532
0.445642, 0.000296697
0.446544, 0.000295159
0.447446, 0.000296974
0.448349, 0.00029737
0.449251, 0.000301164
0.450153, 0.000306968
0.451055, 0.000305484
0.451957, 0.000304456
0.452859, 0.000302551
0.453761, 0.000299107
0.454663, 0.000301935
0.455565, 0.000304582
0.456468, 0.000306462
0.45737, 0.000307455
0.458272, 0.000302602
0.459174, 0.000297779
0.460076, 0.000295591
0.460978, 0.00029647
0.46188, 0.000297225
0.462782, 0.00029926
0.463684, 0.000305472
0.464587, 0.00030671
0.465489, 0.000304731
0.466391, 0.000304298
0.467293, 0.000299605
0.468195, 0.000300812
0.469097, 0.000303883
0.469999, 0.000305405
0.470901, 0.000308294
0.471803, 0.000304691
0.472706, 0.000299703
0.473608, 0.0002965
0.47451, 0.000295663
0.475412, 0.000297439
0.476314, 0.000298084
0.477216, 0.000302944
0.478118, 0.000307453
0.47902, 0.000305251
0.479922, 0.000304551
0.480825, 0.000301424
0.481727, 0.000299859
0.482629, 0.000302997
0.483531, 0.000305147
0.484433, 0.000307609
0.485335, 0.000306912
0.486237, 0.000301989
0.487139, 0.00029753
0.488041, 0.000295762
0.488944, 0.00029736
0.489846, 0.000297763
0.490748, 0.000300806
0.49165, 0.000307149
0.492552, 0.000306481
0.493454, 0.000305126
0.494356, 0.000303843
0.495258, 0.000299629
0.49616, 0.000302048
0.497062, 0.000304876
0.497965, 0.000306482
0.498867, 0.000308527
0.499769, 0.00030397
0.500671, 0.000298963
0.501573, 0.000296503
0.502475, 0.000296723
0.503377, 0.00029779
0.504279, 0.000299361
0.505181, 0.000305102
0.506084, 0.000307666
0.506986, 0.000305476
0.507888, 0.000304936
0.50879, 0.000300687
0.509692, 0.000301056
0.510594, 0.000304174
0.511496, 0.000305867
0.512398, 0.000308784
0.5133, 0.000305788
0.514203, 0.000300896
0.515105, 0.000297416
0.516007, 0.000296223
0.516909, 0.000297998
0.517811, 0.00029848
0.518713, 0.000302793
0.519615, 0.000308014
0.520517, 0.000306063
0.521419, 0.000305286
0.522322, 0.000302827
0.523224, 0.000300164
0.524126, 0.000303141
0.525028, 0.000305574
0.52593, 0.000307723
0.526832, 0.000308056
0.527734, 0.000303224
0.528636, 0.000298458
0.529538, 0.000296505
0.530441, 0.000297813
0.531343, 0.000298328
0.532245, 0.000300801
0.533147, 0.0003072
0.534049, 0.000307428
0.534951, 0.000305681
0.535853, 0.000304961
0.536755, 0.000300375
0.537657, 0.000302191
0.53856, 0.000305213
0.539462, 0.000306704
0.540364, 0.000309363
0.541266, 0.000305225
0.542168, 0.000300177
0.54307, 0.000297355
0.543972, 0.000296901
0.544874, 0.000298325
0.545776, 0.000299361
0.546679, 0.000304609
0.547581, 0.00030829
0.548483, 0.000306053
0.549385, 0.00030537
0.550287, 0.00030175
0.551189, 0.000301169
0.552091, 0.000304304
0.552993, 0.000306213
0.553895, 0.000308937
0.554798, 0.000307118
0.5557, 0.000302153
0.556602, 0.000298187
0.557504, 0.000296633
0.558406, 0.000298338
0.559308, 0.000298781
0.56021, 0.000302493
0.561112, 0.000308391
0.562014, 0.000307019
0.562917, 0.000305957
0.563819, 0.000304108
0.564721, 0.00030055
0.565623, 0.000303315
0.566525, 0.000305973
0.567427, 0.000307802
0.568329, 0.000308895
0.569231, 0.000304062
0.570133, 0.000299295
0.571036, 0.000297052
0.571938, 0.00029785
0.57284, 0.000298576
0.573742, 0.000300572
0.574644, 0.000306713
0.575546, 0.000308068
0.576448, 0.000306095
0.57735, 0.000305647
0.578252, 0.000301
0.579154, 0.000302142
0.580057, 0.000305193
0.580959, 0.000306719
0.581861, 0.000309599
0.582763, 0.000305906
0.583665, 0.000301016
0.584567, 0.000297833
0.585469, 0.000296972
0.586371, 0.000298737
0.587273, 0.000299372
0.588176, 0.000304189
0.589078, 0.000308718
0.58998, 0.000306527
0.590882, 0.000305829
0.591784, 0.000302788
0.592686, 0.000301109
0.593588, 0.000304228
0.59449, 0.000306391
0.595392, 0.000308789
0.596295, 0.000308344
0.597197, 0.000303533
0.598099, 0.000298926
0.599001, 0.000297108
0.599903, 0.000298699
0.600805, 0.000299095
0.601707, 0.000302064
0.602609, 0.000308417
0.603511, 0.000307791
0.604414, 0.000306363
0.605316, 0.000305102
0.606218, 0.000300862
0.60712, 0.000303283
0.608022, 0.000306136
0.608924, 0.000307715
0.609826, 0.000309787
0.610728, 0.00030531
0.61163, 0.000300316
0.612533, 0.000297818
0.613435, 0.000297979
0.614337, 0.000299055
0.615239, 0.000300553
0.616141, 0.000306224
0.617043, 0.00030891
0.617945, 0.000306738
0.618847, 0.000306158
0.619749, 0.000301965
0.620652, 0.000302247
0.621554, 0.000305343
0.622456, 0.000307035
0.623358, 0.000309968
0.62426, 0.000307103
0.625162, 0.00030222
0.626064, 0.000298679
0.626966, 0.000297461
0.627868, 0.00029921
0.628771, 0.000299672
0.629673, 0.000303936
0.630575, 0.000309174
0.631477, 0.000307261
0.632379, 0.000306484
0.633281, 0.000304059
0.634183, 0.000301362
0.635085, 0.000304344
0.635987, 0.000306777
0.63689, 0.000308889
0.637792, 0.00030926
0.638694, 0.00030448
0.639596, 0.000299715
0.640498, 0.00029773
0.6414, 0.000298997
0.642302, 0.000299504
0.643204, 0.000301946
0.644106, 0.000308305
0.645009, 0.000308594
0.645911, 0.000306842
0.646813, 0.000306147
0.647715, 0.000301545
0.648617, 0.000303312
0.649519, 0.000306315
0.650421, 0.000307781
0.651323, 0.000310449
0.652225, 0.000306605
0.653127, 0.000301484
0.65403, 0.000298567
0.654932, 0.000298096
0.655834, 0.000299538
0.656736, 0.000300539
0.657638, 0.000305735
0.65854, 0.000309486
0.659442, 0.000307234
0.660344, 0.000306533
0.661246, 0.000302878
0.662149, 0.000302281
0.663051, 0.000305411
0.663953, 0.000307317
0.664855, 0.00030999
0.665757, 0.000308248
0.666659, 0.000303303
0.667561, 0.000299349
0.668463, 0.000297795
0.669365, 0.00029947
0.670268, 0.000299901
0.67117, 0.000303534
0.672072, 0.000309469
0.672974, 0.000308129
0.673876, 0.000307061
0.674778, 0.000305225
0.67568, 0.000301644
0.676582, 0.00030438
0.677484, 0.00030703
0.678387, 0.00030884
0.679289, 0.000310011
0.680191, 0.000305263
0.681093, 0.000300482
0.681995, 0.000298206
0.682897, 0.000299017
0.683799, 0.00029972
0.684701, 0.000301713
0.685603, 0.000307823
0.686506, 0.000309184
0.687408, 0.000307205
0.68831, 0.000306752
0.689212, 0.000302129
0.690114, 0.000303253
0.691016, 0.000306289
0.691918, 0.000307804
0.69282, 0.000310668
0.693722, 0.000307027
0.694625, 0.000302147
0.695527, 0.000298958
0.696429, 0.000298118
0.697331, 0.000299857
0.698233, 0.000300483
0.699135, 0.000305277
0.700037, 0.000309766
0.700939, 0.00030759
0.701841, 0.000306902
0.702744, 0.000303884
0.703646, 0.0003022
0.704548, 0.000305295
0.70545, 0.000307445
0.706352, 0.000309824
0.707254, 0.000309315
0.708156, 0.000304464
0.709058, 0.000299914
0.70996, 0.000298139
0.710863, 0.000299703
0.711765, 0.000300111
0.712667, 0.000303089
0.713569, 0.000309417
0.714471, 0.000308771
0.715373, 0.000307359
0.716275, 0.000306104
0.717177, 0.000301884
0.718079, 0.000304291
0.718982, 0.000307135
0.719884, 0.000308705
0.720786, 0.000310771
0.721688, 0.00030629
0.72259, 0.000301275
0.723492, 0.000298825
0.724394, 0.000299012
0.725296, 0.000300072
0.726198, 0.000301586
0.7271, 0.000307256
0.728003, 0.000309894
0.728905, 0.000307744
0.729807, 0.000307166
0.730709, 0.000302978
0.731611, 0.000303258
0.732513, 0.000306333
0.733415, 0.00030801
0.734317, 0.00031093
0.735219, 0.000308001
0.736122, 0.000303141
0.737024, 0.00029964
0.737926, 0.000298417
0.738828, 0.000300143
0.73973, 0.000300639
0.740632, 0.000304923
0.741534, 0.000310136
0.742436, 0.000308212
0.743338, 0.000307431
0.744241, 0.000304996
0.745143, 0.000302315
0.746045, 0.000305292
0.746947, 0.000307717
0.747849, 0.000309824
0.748751, 0.000310175
0.749653, 0.00030541
0.750555, 0.00030066
0.751457, 0.000298686
0.75236, 0.000299957
0.753262, 0.000300453
0.754164, 0.000302915
0.755066, 0.000309282
0.755968, 0.000309528
0.75687, 0.000307778
0.757772, 0.000307068
0.758674, 0.000302493
0.759576, 0.000304275
0.760479, 0.000307273
0.761381, 0.000308739
0.762283, 0.000311384
0.763185, 0.000307531
0.764087, 0.000302466
0.764989, 0.000299538
0.765891, 0.000299014
0.766793, 0.000300426
0.767695, 0.000301449
0.768598, 0.000306655
0.7695, 0.000310365
0.770402, 0.000308128
0.771304, 0.00030742
0.772206, 0.000303815
0.773108, 0.000303219
0.77401, 0.000306331
0.774912, 0.00030822
0.775814, 0.000310914
0.776717, 0.000309101
0.777619, 0.000304127
0.778521, 0.000300204
0.779423, 0.00029868
0.780325, 0.000300353
0.781227, 0.000300791
0.782129, 0.000304532
0.783031, 0.000310347
0.783933, 0.000308965
0.784836, 0.000307918
0.785738, 0.000306076
0.78664, 0.000302557
0.787542, 0.000305305
0.788444, 0.000307938
0.789346, 0.000309753
0.790248, 0.000310801
0.79115, 0.00030599
0.792052, 0.000301257
0.792955, 0.000299019
0.793857, 0.00029984
0.794759, 0.000300533
0.795661, 0.000302543
0.796563, 0.000308678
0.797465, 0.000309953
0.798367, 0.000307978
0.799269, 0.000307534
0.800171, 0.000302893
0.801073, 0.000304019
0.801976, 0.000307045
0.802878, 0.000308551
0.80378, 0.000311406
0.804682, 0.000307757
0.805584, 0.000302903
0.806486, 0.000299725
0.807388, 0.000298908
0.80829, 0.000300601
0.809192, 0.000301271
0.810095, 0.000306092
0.810997, 0.000310564
0.811899, 0.000308378
0.812801, 0.000307672
0.813703, 0.000304608
0.814605, 0.000303
0.815507, 0.000306099
0.816409, 0.000308232
0.817311, 0.000310637
0.818214, 0.000310044
0.819116, 0.000305167
0.820018, 0.000300665
0.82092, 0.000298924
0.821822, 0.000300493
0.822724, 0.000300896
0.823626, 0.000303908
0.824528, 0.000310193
0.82543, 0.000309483
0.826333, 0.000308098
0.827235, 0.00030681
0.828137, 0.000302645
0.829039, 0.000305066
0.829941, 0.000307891
0.830843, 0.000309477
0.831745, 0.000311502
0.832647, 0.000306972
0.833549, 0.000302006
0.834452, 0.000299571
0.835354, 0.000299795
0.836256, 0.00030082
0.837158, 0.000302389
0.83806, 0.000308094
0.838962, 0.000310592
0.839864, 0.000308429
0.840766, 0.000307888
0.841668, 0.000303675
0.842571, 0.000304042
0.843473, 0.000307122
0.844375, 0.000308784
0.845277, 0.00031166
0.846179, 0.000308687
0.847081, 0.000303815
0.847983, 0.000300362
0.848885, 0.000299182
0.849787, 0.000300924
0.85069, 0.000301408
0.851592, 0.000305709
0.852494, 0.000310855
0.853396, 0.000308893
0.854298, 0.000308124
0.8552, 0.00030567
0.856102, 0.000303064
0.857004, 0.000306015
0.857906, 0.000308408
0.858809, 0.00031054
0.859711, 0.00031081
0.860613, 0.000306051
0.861515, 0.000301318
0.862417, 0.000299384
0.863319, 0.000300684
0.864221, 0.000301156
0.865123, 0.000303671
0.866025, 0.000310032
0.866928, 0.000310175
0.86783, 0.000308469
0.868732, 0.000307699
0.869634, 0.000303172
0.870536, 0.000305004
0.871438, 0.000307982
0.87234, 0.000309455
0.873242, 0.000312055
0.874144, 0.000308023
0.875047, 0.000302927
0.875949, 0.000300182
0.876851, 0.000299755
0.877753, 0.00030111
0.878655, 0.000302176
0.879557, 0.000307434
0.880459, 0.000311027
0.881361, 0.000308835
0.882263, 0.000308158
0.883165, 0.000304485
0.884068, 0.000303953
0.88497, 0.000307023
0.885872, 0.000308879
0.886774, 0.000311596
0.887676, 0.000309706
0.888578, 0.000304755
0.88948, 0.000300934
0.890382, 0.000299414
0.891284, 0.00030101
0.892187, 0.000301482
0.893089, 0.00030527
0.893991, 0.000311024
0.894893, 0.000309537
0.895795, 0.000308502
0.896697, 0.000306618
0.897599, 0.000303203
0.898501, 0.000305986
0.899403, 0.000308594
0.900306, 0.000310432
0.901208, 0.000311435
0.90211, 0.000306678
0.903012, 0.000301865
0.903914, 0.000299689
0.904816, 0.000300575
0.905718, 0.000301252
0.90662, 0.00030331
0.907522, 0.000309473
0.908425, 0.000310631
0.909327, 0.000308663
0.910229, 0.000308217
0.911131, 0.000303586
0.912033, 0.000304795
0.912935, 0.000307836
0.913837, 0.000309315
0.914739, 0.000312161
0.915641, 0.000308829
0.916544, 0.000303804
0.917446, 0.00030056
0.918348, 0.000299751
0.91925, 0.00030144
0.920152, 0.000302105
0.921054, 0.000306932
0.921956, 0.000311342
0.922858, 0.000309168
0.92376, 0.000308452
0.924663, 0.000305294
0.925565, 0.00030384
0.926467, 0.000306937
0.927369, 0.000309021
0.928271, 0.000311469
0.929173, 0.00031059
0.930075, 0.000305756
0.930977, 0.00030141
0.931879, 0.000299698
0.932782, 0.000301239
0.933684, 0.000301628
0.934586, 0.000304776
0.935488, 0.000310969
0.93639, 0.000310194
0.937292, 0.000308892
0.938194, 0.000307519
0.939096, 0.000303409
0.939998, 0.00030585
0.940901, 0.000308627
0.941803, 0.000310227
0.942705, 0.00031218
0.943607, 0.000307533
0.944509, 0.000302661
0.945411, 0.000300292
0.946313, 0.000300646
0.947215, 0.000301571
0.948117, 0.000303187
0.94902, 0.000308936
0.949922, 0.000311242
0.950824, 0.00030909
0.951726, 0.000308646
0.952628, 0.000304309
0.95353, 0.000304778
0.954432, 0.000307849
0.955334, 0.000309476
0.956236, 0.000312356
0.957138, 0.000309472
0.958041, 0.000304571
0.958943, 0.000301043
0.959845, 0.000299891
0.960747, 0.000301646
0.961649, 0.000302145
0.962551, 0.000306486
0.963453, 0.000311602
0.964355, 0.000309576
0.965257, 0.00030881
0.96616, 0.000306274
0.967062, 0.000303799
0.967964, 0.000306809
0.968866, 0.000309148
0.969768, 0.000311308
0.97067, 0.000311548
0.971572, 0.00030681
0.972474, 0.000302069
0.973376, 0.000300122
0.974279, 0.000301461
0.975181, 0.000301905
0.976083, 0.000304473
0.976985, 0.000310809
0.977887, 0.000310851
0.978789, 0.000309221
0.979691, 0.00030834
0.980593, 0.000303841
0.981495, 0.000305817
0.982398, 0.00030875
0.9833, 0.000310225
0.984202, 0.000312736
0.985104, 0.000308519
0.986006, 0.000303443
0.986908, 0.000300817
0.98781, 0.000300396
0.988712, 0.00030169
0.989614, 0.000302892
0.990517, 0.000308227
0.991419, 0.00031159
0.992321, 0.000309384
0.993223, 0.000308734
0.994125, 0.00030497
0.995027, 0.000304604
0.995929, 0.000307694
0.996831, 0.00030952
0.997733, 0.000312231
0.998636, 0.00031014
0.999538, 0.000305203
