x, y
0, 0
0.00090211, 6.20289e-05
0.00180422, 9.22291e-05
0.00270633, 0.000113915
0.00360844, 0.000130236
0.00451055, 0.000143412
0.00541266, 0.00015709
0.00631477, 0.000162442
0.00721688, 0.000163855
0.00811899, 0.00016068
0.0090211, 0.000152217
0.00992321, 0.000152743
0.0108253, 0.000155647
0.0117274, 0.0001585
0.0126295, 0.00015811
0.0135316, 0.000154753
0.0144338, 0.00014998
0.0153359, 0.0001456
0.016238, 0.000143916
0.0171401, 0.000145794
0.0180422, 0.000149257
0.0189443, 0.000156082
0.0198464, 0.000166489
0.0207485, 0.000169805
0.0216506, 0.000170908
0.0225527, 0.000162959
0.0234549, 0.000161246
0.024357, 0.000162641
0.0252591, 0.000164662
0.0261612, 0.000166088
0.0270633, 0.000164154
0.0279654, 0.000159847
0.0288675, 0.000154783
0.0297696, 0.000150968
0.0306717, 0.000150256
0.0315738, 0.000151754
0.032476, 0.00015522
0.0333781, 0.000162832
0.0342802, 0.000171856
0.0351823, 0.000173799
0.0360844, 0.000171375
0.0369865, 0.000165204
0.0378886, 0.0001655
0.0387907, 0.00016697
0.0396928, 0.0001688
0.0405949, 0.000168853
0.0414971, 0.00016554
0.0423992, 0.000160653
0.0433013, 0.000155762
0.0442034, 0.000152974
0.0451055, 0.000153483
0.0460076, 0.000155305
0.0469097, 0.000160278
0.0478118, 0.000169539
0.0487139, 0.000175879
0.049616, 0.00017768
0.0505181, 0.000171452
0.0514203, 0.000168525
0.0523224, 0.000169741
0.0532245, 0.00017134
0.0541266, 0.000173031
0.0550287, 0.000171891
0.0559308, 0.000167937
0.0568329, 0.000163031
0.057735, 0.000158847
0.0586371, 0.000157344
0.0595392, 0.000158505
0.0604414, 0.000161198
0.0613435, 0.000167621
0.0622456, 0.000177277
0.0631477, 0.000180011
0.0640498, 0.000180335
0.0649519, 0.000173381
0.065854, 0.000172946
0.0667561, 0.000174667
0.0676582, 0.000176528
0.0685603, 0.000177401
0.0694625, 0.000174937
0.0703646, 0.00017043
0.0712667, 0.000165413
0.0721688, 0.000161871
0.0730709, 0.000161417
0.073973, 0.000163002
0.0748751, 0.000167002
0.0757772, 0.000175022
0.0766793, 0.000182103
0.0775814, 0.000184175
0.0784836, 0.000181143
0.0793857, 0.000175737
0.0802878, 0.000176554
0.0811899, 0.000178465
0.082092, 0.000180305
0.0829941, 0.0001798
0.0838962, 0.000176166
0.0847983, 0.000171151
0.0857004, 0.000166227
0.0866025, 0.000163576
0.0875047, 0.00016418
0.0884068, 0.000166435
0.0893089, 0.000172072
0.090211, 0.000181418
0.0911131, 0.000184483
0.0920152, 0.000186751
0.0929173, 0.000180116
0.0938194, 0.00017765
0.0947215, 0.00017918
0.0956236, 0.000181176
0.0965257, 0.000182454
0.0974279, 0.000180416
0.09833, 0.000175991
0.0992321, 0.000170649
0.100134, 0.00016619
0.101036, 0.000164724
0.101938, 0.000166085
0.102841, 0.000169474
0.103743, 0.000176788
0.104645, 0.000184724
0.105547, 0.00018613
0.106449, 0.000186424
0.107351, 0.000179356
0.108253, 0.000179243
0.109155, 0.000181087
0.110057, 0.000183101
0.11096, 0.000183194
0.111862, 0.000179983
0.112764, 0.000174951
0.113666, 0.000169632
0.114568, 0.000166102
0.11547, 0.000165911
0.116372, 0.000167856
0.117274, 0.000172616
0.118176, 0.00018137
0.119078, 0.00018617
0.119981, 0.000188705
0.120883, 0.000184134
0.121785, 0.000179638
0.122687, 0.000180712
0.123589, 0.000182647
0.124491, 0.000184335
0.125393, 0.000182947
0.126295, 0.000178834
0.127197, 0.000173502
0.1281, 0.000168597
0.129002, 0.000166278
0.129904, 0.000167152
0.130806, 0.00016983
0.131708, 0.000176099
0.13261, 0.000185083
0.133512, 0.000187088
0.134414, 0.00018886
0.135316, 0.000181697
0.136219, 0.000180469
0.137121, 0.000182091
0.138023, 0.000184061
0.138925, 0.000184821
0.139827, 0.000182188
0.140729, 0.000177448
0.141631, 0.000172067
0.142533, 0.000167962
0.143435, 0.000167004
0.144338, 0.000168514
0.14524, 0.000172356
0.146142, 0.000180135
0.147044, 0.000187012
0.147946, 0.000188665
0.148848, 0.000187053
0.14975, 0.000181126
0.150652, 0.000181676
0.151554, 0.000183487
0.152457, 0.000185341
0.153359, 0.000184814
0.154261, 0.000181158
0.155163, 0.000176044
0.156065, 0.000170921
0.156967, 0.000167945
0.157869, 0.000168278
0.158771, 0.00017035
0.159673, 0.000175607
0.160576, 0.000184752
0.161478, 0.000188235
0.16238, 0.000190599
0.163282, 0.000184537
0.164184, 0.000181746
0.165086, 0.000183118
0.165988, 0.000184973
0.16689, 0.000186306
0.167792, 0.000184396
0.168695, 0.000180044
0.169597, 0.000174757
0.170499, 0.000170237
0.171401, 0.000168559
0.172303, 0.000169696
0.173205, 0.000172758
0.174107, 0.00017965
0.175009, 0.000187911
0.175911, 0.000189468
0.176814, 0.000189986
0.177716, 0.000183131
0.178618, 0.000182902
0.17952, 0.000184637
0.180422, 0.000186521
0.181324, 0.000186767
0.182226, 0.000183727
0.183128, 0.000178843
0.18403, 0.000173606
0.184933, 0.000170004
0.185835, 0.000169629
0.186737, 0.000171355
0.187639, 0.000175793
0.188541, 0.000184174
0.189443, 0.000189548
0.190345, 0.000191838
0.191247, 0.000187879
0.192149, 0.000183266
0.193051, 0.000184258
0.193954, 0.000186111
0.194856, 0.000187779
0.195758, 0.000186648
0.19666, 0.00018269
0.197562, 0.000177512
0.198464, 0.000172637
0.199366, 0.000170218
0.200268, 0.000170945
0.20117, 0.000173392
0.202073, 0.000179378
0.202975, 0.000188359
0.203877, 0.000190551
0.204779, 0.000192432
0.205681, 0.000185558
0.206583, 0.000184073
0.207485, 0.000185661
0.208387, 0.000187553
0.209289, 0.000188434
0.210192, 0.000185988
0.211094, 0.000181406
0.211996, 0.000176109
0.212898, 0.000171873
0.2138, 0.000170756
0.214702, 0.000172168
0.215604, 0.000175826
0.216506, 0.000183346
0.217408, 0.000190364
0.218311, 0.00019182
0.219213, 0.00019085
0.220115, 0.00018469
0.221017, 0.000185082
0.221919, 0.000186894
0.222821, 0.000188739
0.223723, 0.000188364
0.224625, 0.000184864
0.225527, 0.00017983
0.22643, 0.000174713
0.227332, 0.000171599
0.228234, 0.000171784
0.229136, 0.000173762
0.230038, 0.000178857
0.23094, 0.000187821
0.231842, 0.000191392
0.232744, 0.000193858
0.233646, 0.000188232
0.234549, 0.000184983
0.235451, 0.000186276
0.236353, 0.000188138
0.237255, 0.000189513
0.238157, 0.000187694
0.239059, 0.000183451
0.239961, 0.000178195
0.240863, 0.000173602
0.241765, 0.000171746
0.242668, 0.000172798
0.24357, 0.000175731
0.244472, 0.00018238
0.245374, 0.000190664
0.246276, 0.000192181
0.247178, 0.00019318
0.24808, 0.000186195
0.248982, 0.000185708
0.249884, 0.000187406
0.250787, 0.00018928
0.251689, 0.000189636
0.252591, 0.000186708
0.253493, 0.000181887
0.254395, 0.000176646
0.255297, 0.000172923
0.256199, 0.000172376
0.257101, 0.000174041
0.258003, 0.000178292
0.258906, 0.000186421
0.259808, 0.000191976
0.26071, 0.000194277
0.261612, 0.000190847
0.262514, 0.000185845
0.263416, 0.000186708
0.264318, 0.000188533
0.26522, 0.000190224
0.266122, 0.000189222
0.267024, 0.000185351
0.267927, 0.000180218
0.268829, 0.000175306
0.269731, 0.00017275
0.270633, 0.000173362
0.271535, 0.000175688
0.272437, 0.000181451
0.273339, 0.000190383
0.274241, 0.000192727
0.275143, 0.000194877
0.276046, 0.000188148
0.276948, 0.000186315
0.27785, 0.000187819
0.278752, 0.000189686
0.279654, 0.000190647
0.280556, 0.000188332
0.281458, 0.00018383
0.28236, 0.000178573
0.283262, 0.000174347
0.284165, 0.00017309
0.285067, 0.000174411
0.285969, 0.000177898
0.286871, 0.000185173
0.287773, 0.000192379
0.288675, 0.000193799
0.289577, 0.000193274
0.290479, 0.000186948
0.291381, 0.000187193
0.292284, 0.00018896
0.293186, 0.000190789
0.294088, 0.000190542
0.29499, 0.000187158
0.295892, 0.000182197
0.296794, 0.000177085
0.297696, 0.00017387
0.298598, 0.000173893
0.2995, 0.00017579
0.300403, 0.000180685
0.301305, 0.000189414
0.302207, 0.000193328
0.303109, 0.000195763
0.304011, 0.000190559
0.304913, 0.000187033
0.305815, 0.00018825
0.306717, 0.00019008
0.307619, 0.000191499
0.308522, 0.000189869
0.309424, 0.000185723
0.310326, 0.000180525
0.311228, 0.000175889
0.31213, 0.000173904
0.313032, 0.000174858
0.313934, 0.000177657
0.314836, 0.000184083
0.315738, 0.000192443
0.316641, 0.000194045
0.317543, 0.000195267
0.318445, 0.000188346
0.319347, 0.00018768
0.320249, 0.000189345
0.321151, 0.000191186
0.322053, 0.000191653
0.322955, 0.000188837
0.323857, 0.000184118
0.32476, 0.000178899
0.325662, 0.000174968
0.326564, 0.000174279
0.327466, 0.000175862
0.328368, 0.000179951
0.32927, 0.000187865
0.330172, 0.000193682
0.331074, 0.000195559
0.331976, 0.000192923
0.332879, 0.000187716
0.333781, 0.000188493
0.334683, 0.000190305
0.335585, 0.00019201
0.336487, 0.000191141
0.337389, 0.000187379
0.338291, 0.000182305
0.339193, 0.000177374
0.340095, 0.000174697
0.340998, 0.000175206
0.3419, 0.000177436
0.342802, 0.000182997
0.343704, 0.000191879
0.344606, 0.000194416
0.345508, 0.000196602
0.34641, 0.000190187
0.347312, 0.000188101
0.348214, 0.000189569
0.349116, 0.000191417
0.350019, 0.000192458
0.350921, 0.000190165
0.351823, 0.000185758
0.352725, 0.000180528
0.353627, 0.000176231
0.354529, 0.00017484
0.355431, 0.000176087
0.356333, 0.00017943
0.357235, 0.000186502
0.358138, 0.00019388
0.35904, 0.000195252
0.359942, 0.000195123
0.360844, 0.000188664
0.361746, 0.000188771
0.362648, 0.000190524
0.36355, 0.000192353
0.364452, 0.000192222
0.365354, 0.00018895
0.366257, 0.000184043
0.367159, 0.000178924
0.368061, 0.000175608
0.368963, 0.00017549
0.369865, 0.000177327
0.370767, 0.000182048
0.371669, 0.000190576
0.372571, 0.000194786
0.373473, 0.000197177
0.374376, 0.000192387
0.375278, 0.000188563
0.37618, 0.000189711
0.377082, 0.000191532
0.377984, 0.000193007
0.378886, 0.000191499
0.379788, 0.000187429
0.38069, 0.000182267
0.381592, 0.000177592
0.382495, 0.00017549
0.383397, 0.000176365
0.384299, 0.000179044
0.385201, 0.000185275
0.386103, 0.000193706
0.387005, 0.000195386
0.387907, 0.000196838
0.388809, 0.000189942
0.389711, 0.000189076
0.390614, 0.000190708
0.391516, 0.000192547
0.392418, 0.000193115
0.39332, 0.000190405
0.394222, 0.000185751
0.395124, 0.000180546
0.396026, 0.000176666
0.396928, 0.000175856
0.39783, 0.00017737
0.398733, 0.000181298
0.399635, 0.000189008
0.400537, 0.000195065
0.401439, 0.00019672
0.402341, 0.000194664
0.403243, 0.000189217
0.404145, 0.000189888
0.405047, 0.000191675
0.405949, 0.000193395
0.406852, 0.000192653
0.407754, 0.000188978
0.408656, 0.000183951
0.409558, 0.000179007
0.41046, 0.000176232
0.411362, 0.000176648
0.412264, 0.000178774
0.413166, 0.000184149
0.414068, 0.000192989
0.414971, 0.00019571
0.415873, 0.000198011
0.416775, 0.000191804
0.417677, 0.000189426
0.418579, 0.000190831
0.419481, 0.000192664
0.420383, 0.000193779
0.421285, 0.000191698
0.422187, 0.000187359
0.423089, 0.000182164
0.423992, 0.000177827
0.424894, 0.000176321
0.425796, 0.000177503
0.426698, 0.000180704
0.4276, 0.000187585
0.428502, 0.000195139
0.429404, 0.000196475
0.430306, 0.000196718
0.431208, 0.00019012
0.432111, 0.000190079
0.433013, 0.000191798
0.433915, 0.000193616
0.434817, 0.000193608
0.435719, 0.000190441
0.436621, 0.000185598
0.437523, 0.000180494
0.438425, 0.000176974
0.439327, 0.000176739
0.44023, 0.00017852
0.441132, 0.000183082
0.442034, 0.000191426
0.442936, 0.000195944
0.443838, 0.000198385
0.44474, 0.000193913
0.445642, 0.000189778
0.446544, 0.000190834
0.447446, 0.000192646
0.448349, 0.00019416
0.449251, 0.000192793
0.450153, 0.000188801
0.451055, 0.000183691
0.451957, 0.00017899
0.452859, 0.000176789
0.453761, 0.000177596
0.454663, 0.000180172
0.455565, 0.000186226
0.456468, 0.00019473
0.45737, 0.000196522
0.458272, 0.000198227
0.459174, 0.000191336
0.460076, 0.000190234
0.460978, 0.000191818
0.46188, 0.000193654
0.462782, 0.000194301
0.463684, 0.000191636
0.464587, 0.000187059
0.465489, 0.00018188
0.466391, 0.000177936
0.467293, 0.000177021
0.468195, 0.000178472
0.469097, 0.000182265
0.469999, 0.000189801
0.470901, 0.000196092
0.471803, 0.000197655
0.472706, 0.000196028
0.473608, 0.000190377
0.47451, 0.000190945
0.475412, 0.000192716
0.476314, 0.000194443
0.477216, 0.000193822
0.478118, 0.000190244
0.47902, 0.000185264
0.479922, 0.000180309
0.480825, 0.000177435
0.481727, 0.000177751
0.482629, 0.000179803
0.483531, 0.000185018
0.484433, 0.00019379
0.485335, 0.000196734
0.486237, 0.00019907
0.487139, 0.000193141
0.488041, 0.000190511
0.488944, 0.000191868
0.489846, 0.000193682
0.490748, 0.000194854
0.49165, 0.000192886
0.492552, 0.00018862
0.493454, 0.000183458
0.494356, 0.000179066
0.495258, 0.00017745
0.49616, 0.000178558
0.497062, 0.000181645
0.497965, 0.000188359
0.498867, 0.00019605
0.499769, 0.000197414
0.500671, 0.000197913
0.501573, 0.000191284
0.502475, 0.000191108
0.503377, 0.000192806
0.504279, 0.000194616
0.505181, 0.000194713
0.506084, 0.000191655
0.506986, 0.00018686
0.507888, 0.000181752
0.50879, 0.000178265
0.509692, 0.000177916
0.510594, 0.000179623
0.511496, 0.000184036
0.512398, 0.000192207
0.5133, 0.000196998
0.514203, 0.000199293
0.515105, 0.000195273
0.516007, 0.000190923
0.516909, 0.000191921
0.517811, 0.000193721
0.518713, 0.000195266
0.519615, 0.000194016
0.520517, 0.000190098
0.521419, 0.000185022
0.522322, 0.000180282
0.523224, 0.000177968
0.524126, 0.000178689
0.525028, 0.00018116
0.52593, 0.000187042
0.526832, 0.000195586
0.527734, 0.000197508
0.528636, 0.000199302
0.529538, 0.000192577
0.530441, 0.000191287
0.531343, 0.000192848
0.532245, 0.000194682
0.533147, 0.000195401
0.534049, 0.000192897
0.534951, 0.000188388
0.535853, 0.000183222
0.536755, 0.000179211
0.537657, 0.000178176
0.53856, 0.000179563
0.539462, 0.000183218
0.540364, 0.000190588
0.541266, 0.000197087
0.542168, 0.000198572
0.54307, 0.000197336
0.543972, 0.000191519
0.544874, 0.000191988
0.545776, 0.000193747
0.546679, 0.000195494
0.547581, 0.000194983
0.548483, 0.000191488
0.549385, 0.000186556
0.550287, 0.000181584
0.551189, 0.000178437
0.552091, 0.00017865
0.552993, 0.00018063
0.553895, 0.000185693
0.554798, 0.000194398
0.5557, 0.000197573
0.556602, 0.000199945
0.557504, 0.000194293
0.558406, 0.000191393
0.559308, 0.000192706
0.56021, 0.000194509
0.561112, 0.000195757
0.562014, 0.000193896
0.562917, 0.000189705
0.563819, 0.000184565
0.564721, 0.000180131
0.565623, 0.000178407
0.566525, 0.000179458
0.567427, 0.000182432
0.568329, 0.000188991
0.569231, 0.00019682
0.570133, 0.000198217
0.571036, 0.000198977
0.571938, 0.000192289
0.57284, 0.000191966
0.573742, 0.000193648
0.574644, 0.000195463
0.575546, 0.000195667
0.576448, 0.000192585
0.57735, 0.000187843
0.578252, 0.000182733
0.579154, 0.000179171
0.580057, 0.000178713
0.580959, 0.000180369
0.581861, 0.000184643
0.582763, 0.000192661
0.583665, 0.00019771
0.584567, 0.000199933
0.585469, 0.000196308
0.586371, 0.000191708
0.587273, 0.000192634
0.588176, 0.000194426
0.589078, 0.000196014
0.58998, 0.000194879
0.590882, 0.000191026
0.591784, 0.000185982
0.592686, 0.000181214
0.593588, 0.000178806
0.59449, 0.000179456
0.595392, 0.000181834
0.596295, 0.000187561
0.597197, 0.000196151
0.598099, 0.000198203
0.599001, 0.000200142
0.599903, 0.000193526
0.600805, 0.000192001
0.601707, 0.000193515
0.602609, 0.000195346
0.603511, 0.000196157
0.604414, 0.000193759
0.605316, 0.000189304
0.606218, 0.000184152
0.60712, 0.000180078
0.608022, 0.000178942
0.608924, 0.000180278
0.609826, 0.00018381
0.610728, 0.000191025
0.61163, 0.000197741
0.612533, 0.000199119
0.613435, 0.000198299
0.614337, 0.000192291
0.615239, 0.00019265
0.616141, 0.000194389
0.617043, 0.000196149
0.617945, 0.000195757
0.618847, 0.000192343
0.619749, 0.00018745
0.620652, 0.000182472
0.621554, 0.000179419
0.622456, 0.000179554
0.623358, 0.000181457
0.62426, 0.000186368
0.625162, 0.000194989
0.626064, 0.000198389
0.626966, 0.000200814
0.627868, 0.000195407
0.628771, 0.000192226
0.629673, 0.000193471
0.630575, 0.000195267
0.631477, 0.000196564
0.632379, 0.000194819
0.633281, 0.000190688
0.634183, 0.000185579
0.635085, 0.000181103
0.635987, 0.000179277
0.63689, 0.000180272
0.637792, 0.000183131
0.638694, 0.000189532
0.639596, 0.000197494
0.640498, 0.00019893
0.6414, 0.000199952
0.642302, 0.000193176
0.643204, 0.000192692
0.644106, 0.000194339
0.645009, 0.00019613
0.645911, 0.000196447
0.646813, 0.000193579
0.647715, 0.000188895
0.648617, 0.000183797
0.649519, 0.000180166
0.650421, 0.000179608
0.651323, 0.00018121
0.652225, 0.000185348
0.653127, 0.000193208
0.65403, 0.000198514
0.654932, 0.000200747
0.655834, 0.000197448
0.656736, 0.000192579
0.657638, 0.000193418
0.65854, 0.00019519
0.659442, 0.000196795
0.660344, 0.000195785
0.661246, 0.000192011
0.662149, 0.000187013
0.663051, 0.000182231
0.663953, 0.000179591
0.664855, 0.000180167
0.665757, 0.000182463
0.666659, 0.000188046
0.667561, 0.000196673
0.668463, 0.000198878
0.669365, 0.000200977
0.670268, 0.000194461
0.67117, 0.000192689
0.672072, 0.000194162
0.672974, 0.000195979
0.673876, 0.000196868
0.674778, 0.000194579
0.67568, 0.000190188
0.676582, 0.00018506
0.677484, 0.000180935
0.678387, 0.000179703
0.679289, 0.000180983
0.680191, 0.000184403
0.681093, 0.000191472
0.681995, 0.000198388
0.682897, 0.000199747
0.683799, 0.00019924
0.684701, 0.0001931
0.685603, 0.000193351
0.686506, 0.000195076
0.687408, 0.000196835
0.68831, 0.000196551
0.689212, 0.000193145
0.690114, 0.000188294
0.691016, 0.000183307
0.691918, 0.000180168
0.69282, 0.000180182
0.693722, 0.000182042
0.694625, 0.000186825
0.695527, 0.000195326
0.696429, 0.000199
0.697331, 0.000201389
0.698233, 0.000196304
0.699135, 0.000192895
0.700037, 0.000194088
0.700939, 0.000195874
0.701841, 0.000197222
0.702744, 0.000195584
0.703646, 0.000191518
0.704548, 0.000186434
0.70545, 0.000181913
0.706352, 0.000179981
0.707254, 0.000180906
0.708156, 0.000183669
0.709058, 0.00018993
0.70996, 0.000197995
0.710863, 0.000199507
0.711765, 0.000200697
0.712667, 0.000193958
0.713569, 0.00019333
0.714471, 0.00019496
0.715373, 0.000196745
0.716275, 0.000197153
0.717177, 0.000194361
0.718079, 0.000189737
0.718982, 0.000184639
0.719884, 0.000180931
0.720786, 0.000180268
0.721688, 0.000181808
0.72259, 0.000185823
0.723492, 0.000193541
0.724394, 0.000199085
0.725296, 0.000200941
0.726198, 0.0001983
0.7271, 0.000193263
0.728003, 0.000194036
0.728905, 0.000195802
0.729807, 0.000197439
0.730709, 0.000196533
0.731611, 0.000192823
0.732513, 0.000187857
0.733415, 0.000183044
0.734317, 0.00018044
0.735219, 0.000180935
0.736122, 0.000183143
0.737024, 0.000188578
0.737926, 0.000197197
0.738828, 0.000199578
0.73973, 0.000201712
0.740632, 0.000195417
0.741534, 0.000193435
0.742436, 0.000194876
0.743338, 0.000196676
0.744241, 0.000197645
0.745143, 0.00019544
0.746045, 0.000191108
0.746947, 0.000185993
0.747849, 0.000181807
0.748751, 0.000180464
0.749653, 0.000181683
0.750555, 0.000184984
0.751457, 0.000191906
0.75236, 0.000198993
0.753262, 0.000200337
0.754164, 0.000200134
0.755066, 0.000193869
0.755968, 0.000194007
0.75687, 0.000195719
0.757772, 0.000197492
0.758674, 0.000197306
0.759576, 0.000194069
0.760479, 0.000189259
0.761381, 0.000184261
0.762283, 0.000181037
0.763185, 0.000180938
0.764087, 0.000182748
0.764989, 0.000187394
0.765891, 0.000195751
0.766793, 0.000199711
0.767695, 0.000202084
0.768598, 0.000197307
0.7695, 0.000193644
0.770402, 0.00019478
0.771304, 0.000196558
0.772206, 0.000197959
0.773108, 0.00019643
0.77401, 0.000192425
0.774912, 0.000187367
0.775814, 0.000182804
0.776717, 0.000180571
0.777619, 0.000181431
0.778521, 0.000184103
0.779423, 0.000190233
0.780325, 0.000198397
0.781227, 0.000199992
0.782129, 0.000201378
0.783031, 0.000194633
0.783933, 0.000193841
0.784836, 0.000195449
0.785738, 0.000197242
0.78664, 0.000197745
0.787542, 0.000195046
0.788444, 0.000190473
0.789346, 0.000185377
0.790248, 0.000181602
0.79115, 0.000180841
0.792052, 0.000182338
0.792955, 0.000186236
0.793857, 0.000193819
0.794759, 0.000199603
0.795661, 0.000201274
0.796563, 0.000199119
0.797465, 0.000193871
0.798367, 0.000194561
0.799269, 0.00019632
0.800171, 0.000197989
0.801073, 0.000197195
0.801976, 0.000193413
0.802878, 0.000188475
0.80378, 0.00018364
0.804682, 0.000180944
0.805584, 0.000181369
0.806486, 0.000183504
0.807388, 0.000188804
0.80829, 0.000197429
0.809192, 0.000199979
0.810095, 0.000202197
0.810997, 0.000196071
0.811899, 0.000193847
0.812801, 0.000195242
0.813703, 0.00019704
0.814605, 0.000198087
0.815507, 0.000195983
0.816409, 0.000191705
0.817311, 0.000186601
0.818214, 0.000182361
0.819116, 0.00018092
0.820018, 0.000182091
0.82092, 0.000185286
0.821822, 0.000192071
0.822724, 0.00019934
0.823626, 0.000200642
0.824528, 0.000200765
0.82543, 0.000194366
0.826333, 0.000194382
0.827235, 0.000196073
0.828137, 0.000197848
0.829039, 0.000197776
0.829941, 0.000194625
0.830843, 0.000189852
0.831745, 0.000184845
0.832647, 0.000181542
0.833549, 0.000181345
0.834452, 0.000183109
0.835354, 0.00018763
0.836256, 0.000195851
0.837158, 0.000200091
0.83806, 0.000202467
0.838962, 0.000197975
0.839864, 0.000194049
0.840766, 0.000195116
0.841668, 0.000196894
0.842571, 0.000198339
0.843473, 0.000196924
0.844375, 0.000192979
0.845277, 0.000187947
0.846179, 0.000183349
0.847081, 0.000181228
0.847983, 0.00018204
0.848885, 0.00018461
0.849787, 0.00019059
0.85069, 0.000198849
0.851592, 0.000200525
0.852494, 0.000202107
0.853396, 0.00019535
0.854298, 0.000194375
0.8552, 0.000195947
0.856102, 0.000197743
0.857004, 0.000198317
0.857906, 0.000195712
0.858809, 0.000191191
0.859711, 0.000186103
0.860613, 0.000182265
0.861515, 0.000181405
0.862417, 0.000182852
0.863319, 0.000186626
0.864221, 0.000194066
0.865123, 0.000200084
0.866025, 0.000201639
0.866928, 0.000199897
0.86783, 0.000194416
0.868732, 0.000195012
0.869634, 0.000196753
0.870536, 0.000198427
0.871438, 0.000197749
0.87234, 0.000194189
0.873242, 0.000189288
0.874144, 0.000184439
0.875047, 0.000181663
0.875949, 0.000182014
0.876851, 0.000184073
0.877753, 0.000189238
0.878655, 0.000197848
0.879557, 0.000200585
0.880459, 0.000202932
0.881361, 0.000196942
0.882263, 0.000194452
0.883165, 0.000195797
0.884068, 0.000197581
0.88497, 0.000198687
0.885872, 0.000196694
0.886774, 0.000192475
0.887676, 0.000187397
0.888578, 0.000183118
0.88948, 0.000181441
0.890382, 0.000182553
0.891284, 0.000185648
0.892187, 0.000192302
0.893089, 0.000199741
0.893991, 0.000201054
0.894893, 0.000201443
0.895795, 0.000194946
0.896697, 0.000194838
0.897599, 0.000196515
0.898501, 0.000198285
0.899403, 0.000198315
0.900306, 0.000195254
0.901208, 0.000190522
0.90211, 0.000185515
0.903012, 0.000182137
0.903914, 0.000181848
0.904816, 0.000183555
0.905718, 0.00018796
0.90662, 0.000196051
0.907522, 0.000200569
0.908425, 0.000202873
0.909327, 0.000198729
0.910229, 0.000194587
0.911131, 0.000195601
0.912033, 0.000197373
0.912935, 0.000198854
0.913837, 0.000197462
0.914739, 0.000193578
0.915641, 0.000188571
0.916544, 0.000183935
0.917446, 0.000181715
0.918348, 0.000182455
0.91925, 0.000184942
0.920152, 0.000190792
0.921054, 0.000199124
0.921956, 0.00020092
0.922858, 0.000202614
0.92376, 0.000195964
0.924663, 0.00019481
0.925565, 0.00019636
0.926467, 0.000198154
0.927369, 0.000198802
0.928271, 0.000196276
0.929173, 0.000191809
0.930075, 0.000186725
0.930977, 0.00018282
0.931879, 0.00018186
0.932782, 0.000183247
0.933684, 0.000186911
0.934586, 0.000194222
0.935488, 0.000200452
0.93639, 0.000201953
0.937292, 0.00020053
0.938194, 0.000194918
0.939096, 0.000195437
0.939998, 0.00019717
0.940901, 0.000198866
0.941803, 0.000198286
0.942705, 0.000194794
0.943607, 0.000189924
0.944509, 0.000185047
0.945411, 0.00018218
0.946313, 0.000182439
0.947215, 0.000184428
0.948117, 0.000189467
0.94902, 0.000198029
0.949922, 0.000200986
0.950824, 0.000203298
0.951726, 0.000197601
0.952628, 0.000194905
0.95353, 0.000196221
0.954432, 0.000197994
0.955334, 0.000199166
0.956236, 0.00019726
0.957138, 0.000193095
0.958041, 0.000188031
0.958943, 0.000183695
0.959845, 0.000182055
0.960747, 0.000183111
0.961649, 0.000186099
0.962551, 0.000192616
0.963453, 0.000200189
0.964355, 0.000201533
0.965257, 0.000202139
0.96616, 0.000195601
0.967062, 0.000195371
0.967964, 0.000197032
0.968866, 0.00019881
0.969768, 0.000198931
0.97067, 0.000195943
0.971572, 0.000191253
0.972474, 0.000186235
0.973376, 0.000182776
0.974279, 0.000182383
0.975181, 0.000184037
0.976083, 0.000188316
0.976985, 0.000196273
0.977887, 0.000201045
0.978789, 0.000203281
0.979691, 0.000199486
0.980593, 0.000195114
0.981495, 0.000196067
0.982398, 0.00019783
0.9833, 0.000199354
0.984202, 0.000198154
0.985104, 0.000194322
0.986006, 0.000189347
0.986908, 0.000184679
0.98781, 0.000182362
0.988712, 0.000183038
0.989614, 0.000185436
0.990517, 0.000191147
0.991419, 0.000199536
0.992321, 0.000201452
0.993223, 0.000203285
0.994125, 0.000196719
0.995027, 0.000195362
0.995929, 0.000196881
0.996831, 0.000198678
0.997733, 0.000199405
0.998636, 0.00019697
0.999538, 0.000192554
