x, y
0, 0
0.00090211, 1.76005e-06
0.00180422, 2.88594e-06
0.00270633, 3.51681e-06
0.00360844, 4.03169e-06
0.00451055, 4.47788e-06
0.00541266, 4.62101e-06
0.00631477, 4.52236e-06
0.00721688, 4.35765e-06
0.00811899, 4.3572e-06
0.0090211, 4.5382e-06
0.00992321, 4.81098e-06
0.0108253, 4.91157e-06
0.0117274, 4.78539e-06
0.0126295, 4.66546e-06
0.0135316, 4.70184e-06
0.0144338, 4.65459e-06
0.0153359, 4.60359e-06
0.016238, 4.38341e-06
0.0171401, 4.16624e-06
0.0180422, 4.21159e-06
0.0189443, 4.28745e-06
0.0198464, 4.0651e-06
0.0207485, 3.67829e-06
0.0216506, 3.39216e-06
0.0225527, 3.41514e-06
0.0234549, 3.66925e-06
0.024357, 3.95987e-06
0.0252591, 3.95443e-06
0.0261612, 3.68606e-06
0.0270633, 3.47135e-06
0.0279654, 3.33697e-06
0.0288675, 3.20433e-06
0.0297696, 3.09383e-06
0.0306717, 2.88097e-06
0.0315738, 2.96997e-06
0.032476, 3.4305e-06
0.0333781, 3.66583e-06
0.0342802, 3.54808e-06
0.0351823, 3.33566e-06
0.0360844, 3.28483e-06
0.0369865, 3.44507e-06
0.0378886, 3.73772e-06
0.0387907, 3.91434e-06
0.0396928, 3.74329e-06
0.0405949, 3.40701e-06
0.0414971, 3.24407e-06
0.0423992, 3.11549e-06
0.0433013, 3.07489e-06
0.0442034, 2.96969e-06
0.0451055, 2.84935e-06
0.0460076, 3.12116e-06
0.0469097, 3.53377e-06
0.0478118, 3.57468e-06
0.0487139, 3.34289e-06
0.049616, 3.07666e-06
0.0505181, 3.05704e-06
0.0514203, 3.2695e-06
0.0523224, 3.58996e-06
0.0532245, 3.67625e-06
0.0541266, 3.46827e-06
0.0550287, 3.26509e-06
0.0559308, 3.23199e-06
0.0568329, 3.19418e-06
0.057735, 3.22446e-06
0.0586371, 3.09117e-06
0.0595392, 3.08719e-06
0.0604414, 3.44016e-06
0.0613435, 3.71179e-06
0.0622456, 3.5943e-06
0.0631477, 3.29306e-06
0.0640498, 3.08869e-06
0.0649519, 3.15768e-06
0.065854, 3.42751e-06
0.0667561, 3.70559e-06
0.0676582, 3.68372e-06
0.0685603, 3.44086e-06
0.0694625, 3.32616e-06
0.0703646, 3.28994e-06
0.0712667, 3.29042e-06
0.0721688, 3.27237e-06
0.0730709, 3.1214e-06
0.073973, 3.25843e-06
0.0748751, 3.65541e-06
0.0757772, 3.77396e-06
0.0766793, 3.57494e-06
0.0775814, 3.2891e-06
0.0784836, 3.19237e-06
0.0793857, 3.33122e-06
0.0802878, 3.6347e-06
0.0811899, 3.81938e-06
0.082092, 3.69302e-06
0.0829941, 3.4616e-06
0.0838962, 3.40127e-06
0.0847983, 3.35723e-06
0.0857004, 3.38116e-06
0.0866025, 3.29562e-06
0.0875047, 3.21197e-06
0.0884068, 3.47796e-06
0.0893089, 3.81363e-06
0.090211, 3.79296e-06
0.0911131, 3.54257e-06
0.0920152, 3.29241e-06
0.0929173, 3.29276e-06
0.0938194, 3.50278e-06
0.0947215, 3.79695e-06
0.0956236, 3.85723e-06
0.0965257, 3.65356e-06
0.0974279, 3.49074e-06
0.09833, 3.45393e-06
0.0992321, 3.42656e-06
0.100134, 3.43358e-06
0.101036, 3.29249e-06
0.101938, 3.32058e-06
0.102841, 3.67372e-06
0.103743, 3.89617e-06
0.104645, 3.75791e-06
0.105547, 3.47867e-06
0.106449, 3.31868e-06
0.107351, 3.40024e-06
0.108253, 3.66483e-06
0.109155, 3.91562e-06
0.110057, 3.86105e-06
0.11096, 3.62121e-06
0.111862, 3.52522e-06
0.112764, 3.47745e-06
0.113666, 3.47702e-06
0.114568, 3.43084e-06
0.11547, 3.29437e-06
0.116372, 3.45655e-06
0.117274, 3.82507e-06
0.118176, 3.90381e-06
0.119078, 3.6981e-06
0.119981, 3.44002e-06
0.120883, 3.38053e-06
0.121785, 3.53923e-06
0.122687, 3.83753e-06
0.123589, 3.98253e-06
0.124491, 3.83364e-06
0.125393, 3.61916e-06
0.126295, 3.56329e-06
0.127197, 3.50718e-06
0.1281, 3.52057e-06
0.129002, 3.40612e-06
0.129904, 3.34147e-06
0.130806, 3.62427e-06
0.131708, 3.9294e-06
0.13261, 3.88057e-06
0.133512, 3.63595e-06
0.134414, 3.42743e-06
0.135316, 3.46763e-06
0.136219, 3.69709e-06
0.137121, 3.97693e-06
0.138023, 4.00119e-06
0.138925, 3.78643e-06
0.139827, 3.63751e-06
0.140729, 3.58884e-06
0.141631, 3.5603e-06
0.142533, 3.54427e-06
0.143435, 3.39421e-06
0.144338, 3.4504e-06
0.14524, 3.80904e-06
0.146142, 3.99296e-06
0.147044, 3.84187e-06
0.147946, 3.58838e-06
0.148848, 3.46913e-06
0.14975, 3.57306e-06
0.150652, 3.84838e-06
0.151554, 4.06606e-06
0.152457, 3.98353e-06
0.153359, 3.74761e-06
0.154261, 3.66406e-06
0.155163, 3.6072e-06
0.156065, 3.6086e-06
0.156967, 3.53964e-06
0.157869, 3.41856e-06
0.158771, 3.60859e-06
0.159673, 3.95484e-06
0.160576, 3.99758e-06
0.161478, 3.78984e-06
0.16238, 3.55321e-06
0.163282, 3.52773e-06
0.164184, 3.70075e-06
0.165086, 3.99018e-06
0.165988, 4.09905e-06
0.16689, 3.93382e-06
0.167792, 3.74142e-06
0.168695, 3.68942e-06
0.169597, 3.63739e-06
0.170499, 3.64991e-06
0.171401, 3.5217e-06
0.172303, 3.48547e-06
0.173205, 3.78195e-06
0.174107, 4.05162e-06
0.175009, 3.9715e-06
0.175911, 3.73122e-06
0.176814, 3.55573e-06
0.177716, 3.60815e-06
0.178618, 3.84026e-06
0.17952, 4.09998e-06
0.180422, 4.09516e-06
0.181324, 3.87842e-06
0.182226, 3.75544e-06
0.183128, 3.70621e-06
0.18403, 3.69126e-06
0.184933, 3.66963e-06
0.185835, 3.51794e-06
0.186737, 3.60618e-06
0.187639, 3.95977e-06
0.188541, 4.09552e-06
0.189443, 3.92807e-06
0.190345, 3.67782e-06
0.191247, 3.58991e-06
0.192149, 3.70376e-06
0.193051, 3.98036e-06
0.193954, 4.16618e-06
0.194856, 4.06325e-06
0.195758, 3.8444e-06
0.19666, 3.77536e-06
0.197562, 3.72102e-06
0.198464, 3.72993e-06
0.199366, 3.64743e-06
0.200268, 3.54762e-06
0.20117, 3.76301e-06
0.202073, 4.08137e-06
0.202975, 4.08739e-06
0.203877, 3.87357e-06
0.204779, 3.65263e-06
0.205681, 3.65071e-06
0.206583, 3.83349e-06
0.207485, 4.1085e-06
0.208387, 4.18547e-06
0.209289, 4.00848e-06
0.210192, 3.84228e-06
0.211094, 3.79506e-06
0.211996, 3.75147e-06
0.212898, 3.76124e-06
0.2138, 3.62355e-06
0.214702, 3.61704e-06
0.215604, 3.92507e-06
0.216506, 4.15533e-06
0.217408, 4.04848e-06
0.218311, 3.80937e-06
0.219213, 3.66319e-06
0.220115, 3.72723e-06
0.221017, 3.96355e-06
0.221919, 4.20429e-06
0.222821, 4.17309e-06
0.223723, 3.9559e-06
0.224625, 3.85472e-06
0.225527, 3.8038e-06
0.22643, 3.7983e-06
0.227332, 3.75812e-06
0.228234, 3.61759e-06
0.229136, 3.73639e-06
0.230038, 4.08271e-06
0.23094, 4.17545e-06
0.231842, 3.9957e-06
0.232744, 3.75981e-06
0.233646, 3.69529e-06
0.234549, 3.82326e-06
0.235451, 4.10001e-06
0.236353, 4.25399e-06
0.237255, 4.13157e-06
0.238157, 3.92841e-06
0.239059, 3.86883e-06
0.239961, 3.81484e-06
0.240863, 3.82551e-06
0.241765, 3.72761e-06
0.242668, 3.64854e-06
0.24357, 3.88719e-06
0.244472, 4.17964e-06
0.245374, 4.15458e-06
0.246276, 3.93767e-06
0.247178, 3.74035e-06
0.24808, 3.7548e-06
0.248982, 3.95106e-06
0.249884, 4.21415e-06
0.250787, 4.26054e-06
0.251689, 4.07146e-06
0.252591, 3.9267e-06
0.253493, 3.88041e-06
0.254395, 3.8479e-06
0.255297, 3.84245e-06
0.256199, 3.70022e-06
0.257101, 3.72327e-06
0.258003, 4.04083e-06
0.258906, 4.234e-06
0.259808, 4.1057e-06
0.26071, 3.8748e-06
0.261612, 3.75183e-06
0.262514, 3.83089e-06
0.263416, 4.07173e-06
0.264318, 4.29388e-06
0.26522, 4.23759e-06
0.266122, 4.02114e-06
0.267024, 3.9367e-06
0.267927, 3.8834e-06
0.268829, 3.88425e-06
0.269731, 3.82679e-06
0.270633, 3.69903e-06
0.271535, 3.84739e-06
0.272437, 4.17764e-06
0.273339, 4.23729e-06
0.274241, 4.04895e-06
0.275143, 3.82781e-06
0.276046, 3.78825e-06
0.276948, 3.93048e-06
0.27785, 4.20353e-06
0.278752, 4.32588e-06
0.279654, 4.18574e-06
0.280556, 4.0002e-06
0.281458, 3.94865e-06
0.28236, 3.89366e-06
0.283262, 3.90658e-06
0.284165, 3.79329e-06
0.285067, 3.73886e-06
0.285969, 3.9975e-06
0.286871, 4.26397e-06
0.287773, 4.209e-06
0.288675, 3.99162e-06
0.289577, 3.81875e-06
0.290479, 3.84838e-06
0.291381, 4.05381e-06
0.292284, 4.30425e-06
0.293186, 4.32189e-06
0.294088, 4.12642e-06
0.29499, 4.00041e-06
0.295892, 3.95345e-06
0.296794, 3.93168e-06
0.297696, 3.91336e-06
0.298598, 3.76912e-06
0.2995, 3.82161e-06
0.300403, 4.14505e-06
0.301305, 4.30003e-06
0.302207, 4.15353e-06
0.303109, 3.93015e-06
0.304011, 3.83419e-06
0.304913, 3.92529e-06
0.305815, 4.17356e-06
0.306717, 4.36772e-06
0.307619, 4.28868e-06
0.308522, 4.07774e-06
0.309424, 4.00808e-06
0.310326, 3.95416e-06
0.311228, 3.96106e-06
0.31213, 3.88729e-06
0.313032, 3.77583e-06
0.313934, 3.95206e-06
0.314836, 4.26445e-06
0.315738, 4.29083e-06
0.316641, 4.09584e-06
0.317543, 3.89102e-06
0.318445, 3.87121e-06
0.319347, 4.02806e-06
0.320249, 4.29508e-06
0.321151, 4.38695e-06
0.322053, 4.23143e-06
0.322955, 4.06435e-06
0.323857, 4.01648e-06
0.32476, 3.967e-06
0.325662, 3.9771e-06
0.326564, 3.85045e-06
0.327466, 3.82236e-06
0.328368, 4.09794e-06
0.32927, 4.33671e-06
0.330172, 4.25403e-06
0.331074, 4.03787e-06
0.331976, 3.88616e-06
0.332879, 3.93125e-06
0.333781, 4.14506e-06
0.334683, 4.38182e-06
0.335585, 4.37293e-06
0.336487, 4.17219e-06
0.337389, 4.06578e-06
0.338291, 4.01671e-06
0.339193, 4.00454e-06
0.340095, 3.98076e-06
0.340998, 3.83123e-06
0.3419, 3.91418e-06
0.342802, 4.23901e-06
0.343704, 4.35452e-06
0.344606, 4.19434e-06
0.345508, 3.9757e-06
0.34641, 3.90352e-06
0.347312, 4.00903e-06
0.348214, 4.26417e-06
0.349116, 4.43145e-06
0.350019, 4.33175e-06
0.350921, 4.13487e-06
0.351823, 4.06955e-06
0.352725, 4.01553e-06
0.353627, 4.02572e-06
0.354529, 3.93762e-06
0.355431, 3.8436e-06
0.356333, 4.04613e-06
0.357235, 4.33901e-06
0.358138, 4.33634e-06
0.35904, 4.13449e-06
0.359942, 3.94972e-06
0.360844, 3.94461e-06
0.361746, 4.11582e-06
0.362648, 4.3737e-06
0.36355, 4.43739e-06
0.364452, 4.26833e-06
0.365354, 4.12069e-06
0.366257, 4.07515e-06
0.367159, 4.03078e-06
0.368061, 4.03635e-06
0.368963, 3.90165e-06
0.369865, 3.90085e-06
0.370767, 4.19116e-06
0.371669, 4.39757e-06
0.372571, 4.29183e-06
0.373473, 4.07918e-06
0.374376, 3.94925e-06
0.375278, 4.00742e-06
0.37618, 4.22832e-06
0.377082, 4.45026e-06
0.377984, 4.41636e-06
0.378886, 4.21295e-06
0.379788, 4.12372e-06
0.38069, 4.07253e-06
0.381592, 4.06789e-06
0.382495, 4.02465e-06
0.383397, 3.88738e-06
0.384299, 4.00018e-06
0.385201, 4.32255e-06
0.386103, 4.40046e-06
0.387005, 4.22898e-06
0.387907, 4.02098e-06
0.388809, 3.97121e-06
0.389711, 4.08963e-06
0.390614, 4.34605e-06
0.391516, 4.48469e-06
0.392418, 4.36641e-06
0.39332, 4.18354e-06
0.394222, 4.12773e-06
0.395124, 4.07486e-06
0.396026, 4.08568e-06
0.396928, 3.98405e-06
0.39783, 3.90981e-06
0.398733, 4.13598e-06
0.399635, 4.40719e-06
0.400537, 4.37568e-06
0.401439, 4.17024e-06
0.402341, 4.00442e-06
0.403243, 4.01463e-06
0.404145, 4.19845e-06
0.405047, 4.44687e-06
0.405949, 4.48286e-06
0.406852, 4.30424e-06
0.407754, 4.17309e-06
0.408656, 4.12803e-06
0.409558, 4.09647e-06
0.41046, 4.08753e-06
0.411362, 3.94887e-06
0.412264, 3.97615e-06
0.413166, 4.2773e-06
0.414068, 4.4499e-06
0.414971, 4.32431e-06
0.415873, 4.1189e-06
0.416775, 4.00738e-06
0.417677, 4.07949e-06
0.418579, 4.30523e-06
0.419481, 4.51089e-06
0.420383, 4.4538e-06
0.421285, 4.25095e-06
0.422187, 4.17621e-06
0.423089, 4.12388e-06
0.423992, 4.12568e-06
0.424894, 4.06645e-06
0.425796, 3.94287e-06
0.426698, 4.08387e-06
0.4276, 4.39291e-06
0.428502, 4.44064e-06
0.429404, 4.26077e-06
0.430306, 4.06622e-06
0.431208, 4.03207e-06
0.432111, 4.16695e-06
0.433013, 4.42247e-06
0.433915, 4.53281e-06
0.434817, 4.39767e-06
0.435719, 4.22907e-06
0.436621, 4.17971e-06
0.437523, 4.12804e-06
0.438425, 4.13957e-06
0.439327, 4.02277e-06
0.44023, 3.97274e-06
0.441132, 4.21946e-06
0.442034, 4.46769e-06
0.442936, 4.40813e-06
0.443838, 4.20172e-06
0.44474, 4.05513e-06
0.445642, 4.08027e-06
0.446544, 4.27419e-06
0.447446, 4.50903e-06
0.448349, 4.52029e-06
0.449251, 4.33551e-06
0.450153, 4.22129e-06
0.451055, 4.1755e-06
0.451957, 4.15513e-06
0.452859, 4.13469e-06
0.453761, 3.99362e-06
0.454663, 4.04877e-06
0.455565, 4.35632e-06
0.456468, 4.4941e-06
0.45737, 4.35153e-06
0.458272, 4.14594e-06
0.459174, 4.06233e-06
0.460076, 4.14837e-06
0.460978, 4.38353e-06
0.46188, 4.56408e-06
0.462782, 4.48543e-06
0.463684, 4.28531e-06
0.464587, 4.22228e-06
0.465489, 4.16954e-06
0.466391, 4.17646e-06
0.467293, 4.10174e-06
0.468195, 3.99325e-06
0.469097, 4.16195e-06
0.469999, 4.45596e-06
0.470901, 4.47414e-06
0.471803, 4.28703e-06
0.472706, 4.11245e-06
0.473608, 4.09088e-06
0.47451, 4.23988e-06
0.475412, 4.49035e-06
0.476314, 4.57262e-06
0.477216, 4.42271e-06
0.478118, 4.27072e-06
0.47902, 4.22448e-06
0.479922, 4.17809e-06
0.480825, 4.18681e-06
0.481727, 4.05975e-06
0.482629, 4.03489e-06
0.483531, 4.29914e-06
0.484433, 4.52168e-06
0.485335, 4.43674e-06
0.486237, 4.23124e-06
0.487139, 4.10053e-06
0.488041, 4.14043e-06
0.488944, 4.34496e-06
0.489846, 4.56729e-06
0.490748, 4.5546e-06
0.49165, 4.36452e-06
0.492552, 4.26709e-06
0.493454, 4.21869e-06
0.494356, 4.20694e-06
0.495258, 4.1759e-06
0.49616, 4.03589e-06
0.497062, 4.11991e-06
0.497965, 4.42963e-06
0.498867, 4.53111e-06
0.499769, 4.37588e-06
0.500671, 4.1778e-06
0.501573, 4.11373e-06
0.502475, 4.21298e-06
0.503377, 4.45493e-06
0.504279, 4.61017e-06
0.505181, 4.51194e-06
0.506084, 4.32744e-06
0.506986, 4.26879e-06
0.507888, 4.21653e-06
0.50879, 4.22585e-06
0.509692, 4.13637e-06
0.510594, 4.04553e-06
0.511496, 4.24018e-06
0.512398, 4.51632e-06
0.5133, 4.50727e-06
0.514203, 4.31391e-06
0.515105, 4.15206e-06
0.516007, 4.14697e-06
0.516909, 4.31146e-06
0.517811, 4.55504e-06
0.518713, 4.6111e-06
0.519615, 4.44794e-06
0.520517, 4.31327e-06
0.521419, 4.26912e-06
0.522322, 4.23293e-06
0.523224, 4.22884e-06
0.524126, 4.09583e-06
0.525028, 4.09761e-06
0.52593, 4.37636e-06
0.526832, 4.56894e-06
0.527734, 4.46286e-06
0.528636, 4.2607e-06
0.529538, 4.15134e-06
0.530441, 4.20284e-06
0.531343, 4.41349e-06
0.532245, 4.62201e-06
0.533147, 4.58584e-06
0.534049, 4.39346e-06
0.534951, 4.31152e-06
0.535853, 4.26147e-06
0.536755, 4.25679e-06
0.537657, 4.20955e-06
0.53856, 4.07945e-06
0.539462, 4.19155e-06
0.540364, 4.49276e-06
0.541266, 4.56493e-06
0.542168, 4.39915e-06
0.54307, 4.21631e-06
0.543972, 4.16536e-06
0.544874, 4.27988e-06
0.545776, 4.52368e-06
0.546679, 4.65233e-06
0.547581, 4.53637e-06
0.548483, 4.36387e-06
0.549385, 4.31268e-06
0.550287, 4.26185e-06
0.551189, 4.27133e-06
0.552091, 4.16662e-06
0.552993, 4.09501e-06
0.553895, 4.31321e-06
0.554798, 4.56993e-06
0.5557, 4.53444e-06
0.556602, 4.33742e-06
0.557504, 4.1917e-06
0.558406, 4.20104e-06
0.559308, 4.37781e-06
0.56021, 4.61363e-06
0.561112, 4.6439e-06
0.562014, 4.47141e-06
0.562917, 4.35169e-06
0.563819, 4.30802e-06
0.564721, 4.28132e-06
0.565623, 4.2667e-06
0.566525, 4.13074e-06
0.567427, 4.15922e-06
0.568329, 4.44874e-06
0.569231, 4.60911e-06
0.570133, 4.48453e-06
0.571036, 4.28908e-06
0.571938, 4.19383e-06
0.57284, 4.26062e-06
0.573742, 4.47715e-06
0.574644, 4.67102e-06
0.575546, 4.61297e-06
0.576448, 4.42036e-06
0.57735, 4.34834e-06
0.578252, 4.29701e-06
0.579154, 4.29852e-06
0.580057, 4.23664e-06
0.580959, 4.11825e-06
0.581861, 4.25813e-06
0.582763, 4.54887e-06
0.583665, 4.59119e-06
0.584567, 4.41725e-06
0.585469, 4.24781e-06
0.586371, 4.21125e-06
0.587273, 4.34125e-06
0.588176, 4.5845e-06
0.589078, 4.68642e-06
0.58998, 4.55431e-06
0.590882, 4.39609e-06
0.591784, 4.34843e-06
0.592686, 4.30042e-06
0.593588, 4.30977e-06
0.59449, 4.19404e-06
0.595392, 4.14614e-06
0.596295, 4.38455e-06
0.597197, 4.61971e-06
0.598099, 4.55788e-06
0.599001, 4.35968e-06
0.599903, 4.22917e-06
0.600805, 4.25346e-06
0.601707, 4.44051e-06
0.602609, 4.66686e-06
0.603511, 4.67259e-06
0.604414, 4.49319e-06
0.605316, 4.38858e-06
0.606218, 4.34346e-06
0.60712, 4.32597e-06
0.608022, 4.30195e-06
0.608924, 4.16314e-06
0.609826, 4.21952e-06
0.610728, 4.51582e-06
0.61163, 4.64308e-06
0.612533, 4.50245e-06
0.613435, 4.31544e-06
0.614337, 4.23682e-06
0.615239, 4.31612e-06
0.616141, 4.54294e-06
0.617043, 4.7128e-06
0.617945, 4.63417e-06
0.618847, 4.44562e-06
0.619749, 4.38736e-06
0.620652, 4.33526e-06
0.621554, 4.34175e-06
0.622456, 4.26576e-06
0.623358, 4.16156e-06
0.62426, 4.3272e-06
0.625162, 4.60379e-06
0.626064, 4.618e-06
0.626966, 4.43765e-06
0.627868, 4.27903e-06
0.628771, 4.25911e-06
0.629673, 4.40481e-06
0.630575, 4.64471e-06
0.631477, 4.7204e-06
0.632379, 4.57397e-06
0.633281, 4.43139e-06
0.634183, 4.38612e-06
0.635085, 4.34224e-06
0.635987, 4.34852e-06
0.63689, 4.22234e-06
0.637792, 4.1995e-06
0.638694, 4.45591e-06
0.639596, 4.66611e-06
0.640498, 4.5799e-06
0.6414, 4.38279e-06
0.642302, 4.2686e-06
0.643204, 4.30575e-06
0.644106, 4.50228e-06
0.645009, 4.71766e-06
0.645911, 4.70009e-06
0.646813, 4.51585e-06
0.647715, 4.42668e-06
0.648617, 4.37925e-06
0.649519, 4.36882e-06
0.650421, 4.33141e-06
0.651323, 4.19787e-06
0.652225, 4.28251e-06
0.653127, 4.58114e-06
0.65403, 4.67386e-06
0.654932, 4.5213e-06
0.655834, 4.34522e-06
0.656736, 4.27887e-06
0.657638, 4.37343e-06
0.65854, 4.60647e-06
0.659442, 4.75216e-06
0.660344, 4.65486e-06
0.661246, 4.47795e-06
0.662149, 4.42484e-06
0.663051, 4.3743e-06
0.663953, 4.3825e-06
0.664855, 4.29092e-06
0.665757, 4.20334e-06
0.666659, 4.39363e-06
0.667561, 4.65739e-06
0.668463, 4.64304e-06
0.669365, 4.45579e-06
0.670268, 4.31398e-06
0.67117, 4.3073e-06
0.672072, 4.46639e-06
0.672974, 4.69931e-06
0.673876, 4.74965e-06
0.674778, 4.59062e-06
0.67568, 4.46514e-06
0.676582, 4.42096e-06
0.677484, 4.38674e-06
0.678387, 4.38033e-06
0.679289, 4.24853e-06
0.680191, 4.25187e-06
0.681093, 4.52285e-06
0.681995, 4.70423e-06
0.682897, 4.59809e-06
0.683799, 4.40401e-06
0.684701, 4.30459e-06
0.685603, 4.35565e-06
0.686506, 4.55978e-06
0.687408, 4.76249e-06
0.68831, 4.72277e-06
0.689212, 4.53625e-06
0.690114, 4.45818e-06
0.691016, 4.40923e-06
0.691918, 4.40353e-06
0.69282, 4.35312e-06
0.693722, 4.22888e-06
0.694625, 4.3419e-06
0.695527, 4.63298e-06
0.696429, 4.69776e-06
0.697331, 4.53505e-06
0.698233, 4.37043e-06
0.699135, 4.31816e-06
0.700037, 4.4283e-06
0.700939, 4.66335e-06
0.701841, 4.78396e-06
0.702744, 4.66997e-06
0.703646, 4.50484e-06
0.704548, 4.45797e-06
0.70545, 4.40849e-06
0.706352, 4.41628e-06
0.707254, 4.31227e-06
0.708156, 4.24502e-06
0.709058, 4.45752e-06
0.70996, 4.70273e-06
0.710863, 4.66261e-06
0.711765, 4.47223e-06
0.712667, 4.34231e-06
0.713569, 4.35133e-06
0.714471, 4.52304e-06
0.715373, 4.74911e-06
0.716275, 4.77476e-06
0.717177, 4.60764e-06
0.718079, 4.49492e-06
0.718982, 4.45125e-06
0.719884, 4.42626e-06
0.720786, 4.40815e-06
0.721688, 4.27428e-06
0.72259, 4.30408e-06
0.723492, 4.58584e-06
0.724394, 4.73646e-06
0.725296, 4.61273e-06
0.726198, 4.42715e-06
0.7271, 4.34087e-06
0.728003, 4.40481e-06
0.728905, 4.62019e-06
0.729807, 4.80201e-06
0.730709, 4.74136e-06
0.731611, 4.55592e-06
0.732513, 4.49201e-06
0.733415, 4.44179e-06
0.734317, 4.44129e-06
0.735219, 4.37641e-06
0.736122, 4.26445e-06
0.737024, 4.40424e-06
0.737926, 4.6849e-06
0.738828, 4.721e-06
0.73973, 4.55082e-06
0.740632, 4.396e-06
0.741534, 4.3593e-06
0.742436, 4.48564e-06
0.743338, 4.71979e-06
0.744241, 4.81511e-06
0.745143, 4.68555e-06
0.746045, 4.53445e-06
0.746947, 4.49032e-06
0.747849, 4.44407e-06
0.748751, 4.45096e-06
0.749653, 4.33403e-06
0.750555, 4.28925e-06
0.751457, 4.52143e-06
0.75236, 4.74622e-06
0.753262, 4.68149e-06
0.754164, 4.49017e-06
0.755066, 4.37494e-06
0.755968, 4.39807e-06
0.75687, 4.57936e-06
0.757772, 4.79644e-06
0.758674, 4.79881e-06
0.759576, 4.62514e-06
0.760479, 4.52788e-06
0.761381, 4.48228e-06
0.762283, 4.46555e-06
0.763185, 4.43963e-06
0.764087, 4.3021e-06
0.764989, 4.35948e-06
0.765891, 4.64771e-06
0.766793, 4.76528e-06
0.767695, 4.6278e-06
0.768598, 4.45051e-06
0.7695, 4.37724e-06
0.770402, 4.45449e-06
0.771304, 4.6792e-06
0.772206, 4.83924e-06
0.773108, 4.75919e-06
0.77401, 4.58064e-06
0.774912, 4.5241e-06
0.775814, 4.47317e-06
0.776717, 4.47768e-06
0.777619, 4.39541e-06
0.778521, 4.29705e-06
0.779423, 4.46225e-06
0.780325, 4.72979e-06
0.781227, 4.73901e-06
0.782129, 4.56255e-06
0.783031, 4.41974e-06
0.783933, 4.39788e-06
0.784836, 4.53975e-06
0.785738, 4.77028e-06
0.78664, 4.84038e-06
0.787542, 4.69695e-06
0.788444, 4.56144e-06
0.789346, 4.51845e-06
0.790248, 4.47648e-06
0.79115, 4.48036e-06
0.792052, 4.35507e-06
0.792955, 4.33341e-06
0.793857, 4.58301e-06
0.794759, 4.78247e-06
0.795661, 4.69653e-06
0.796563, 4.50625e-06
0.797465, 4.4055e-06
0.798367, 4.4414e-06
0.799269, 4.63203e-06
0.800171, 4.83879e-06
0.801073, 4.81878e-06
0.801976, 4.63994e-06
0.802878, 4.55215e-06
0.80378, 4.50473e-06
0.804682, 4.49577e-06
0.805584, 4.45456e-06
0.806486, 4.32444e-06
0.807388, 4.4095e-06
0.80829, 4.70002e-06
0.809192, 4.78556e-06
0.810095, 4.63506e-06
0.810997, 4.47075e-06
0.811899, 4.40883e-06
0.812801, 4.50025e-06
0.813703, 4.7254e-06
0.814605, 4.86399e-06
0.815507, 4.76746e-06
0.816409, 4.59957e-06
0.817311, 4.54915e-06
0.818214, 4.49865e-06
0.819116, 4.50497e-06
0.820018, 4.41297e-06
0.82092, 4.33047e-06
0.821822, 4.51914e-06
0.822724, 4.77084e-06
0.823626, 4.7548e-06
0.824528, 4.57272e-06
0.82543, 4.44175e-06
0.826333, 4.43478e-06
0.827235, 4.59096e-06
0.828137, 4.81596e-06
0.829039, 4.86194e-06
0.829941, 4.70614e-06
0.830843, 4.58631e-06
0.831745, 4.54387e-06
0.832647, 4.51121e-06
0.833549, 4.50255e-06
0.834452, 4.372e-06
0.835354, 4.37606e-06
0.836256, 4.64017e-06
0.837158, 4.81188e-06
0.83806, 4.70666e-06
0.838962, 4.52438e-06
0.839864, 4.4324e-06
0.840766, 4.48169e-06
0.841668, 4.67971e-06
0.842571, 4.87448e-06
0.843473, 4.83296e-06
0.844375, 4.65174e-06
0.845277, 4.58144e-06
0.846179, 4.53325e-06
0.847081, 4.53049e-06
0.847983, 4.47554e-06
0.848885, 4.35458e-06
0.849787, 4.46661e-06
0.85069, 4.74897e-06
0.851592, 4.80797e-06
0.852494, 4.64823e-06
0.853396, 4.49524e-06
0.854298, 4.44599e-06
0.8552, 4.5529e-06
0.856102, 4.78023e-06
0.857004, 4.89435e-06
0.857906, 4.78146e-06
0.858809, 4.62407e-06
0.859711, 4.57958e-06
0.860613, 4.53065e-06
0.861515, 4.53686e-06
0.862417, 4.43189e-06
0.863319, 4.36928e-06
0.864221, 4.57912e-06
0.865123, 4.81291e-06
0.866025, 4.77188e-06
0.866928, 4.58705e-06
0.86783, 4.46913e-06
0.868732, 4.4766e-06
0.869634, 4.64441e-06
0.870536, 4.86272e-06
0.871438, 4.88485e-06
0.87234, 4.72145e-06
0.873242, 4.61473e-06
0.874144, 4.57186e-06
0.875047, 4.54822e-06
0.875949, 4.52817e-06
0.876851, 4.39537e-06
0.877753, 4.42558e-06
0.878655, 4.70024e-06
0.879557, 4.84305e-06
0.880459, 4.72081e-06
0.881361, 4.54332e-06
0.882263, 4.46469e-06
0.883165, 4.52786e-06
0.884068, 4.73749e-06
0.88497, 4.91195e-06
0.885872, 4.85037e-06
0.886774, 4.67053e-06
0.887676, 4.61106e-06
0.888578, 4.56162e-06
0.88948, 4.5637e-06
0.890382, 4.49234e-06
0.891284, 4.38374e-06
0.892187, 4.52209e-06
0.893089, 4.7944e-06
0.893991, 4.82577e-06
0.894893, 4.659e-06
0.895795, 4.51881e-06
0.896697, 4.48075e-06
0.897599, 4.60365e-06
0.898501, 4.83074e-06
0.899403, 4.92012e-06
0.900306, 4.7925e-06
0.901208, 4.64843e-06
0.90211, 4.60644e-06
0.903012, 4.56106e-06
0.903914, 4.56607e-06
0.904816, 4.45e-06
0.905718, 4.40872e-06
0.90662, 4.63692e-06
0.907522, 4.85068e-06
0.908425, 4.78585e-06
0.909327, 4.60031e-06
0.910229, 4.49614e-06
0.911131, 4.5179e-06
0.912033, 4.695e-06
0.912935, 4.90493e-06
0.913837, 4.90468e-06
0.914739, 4.73478e-06
0.915641, 4.63996e-06
0.916544, 4.59499e-06
0.917446, 4.57981e-06
0.918348, 4.5538e-06
0.91925, 4.41624e-06
0.920152, 4.47358e-06
0.921054, 4.75464e-06
0.921956, 4.86503e-06
0.922858, 4.72928e-06
0.92376, 4.56093e-06
0.924663, 4.49313e-06
0.925565, 4.56932e-06
0.926467, 4.78817e-06
0.927369, 4.94158e-06
0.928271, 4.86141e-06
0.929173, 4.69149e-06
0.930075, 4.6362e-06
0.930977, 4.58613e-06
0.931879, 4.59062e-06
0.932782, 4.50911e-06
0.933684, 4.41453e-06
0.934586, 4.57785e-06
0.935488, 4.83737e-06
0.93639, 4.84269e-06
0.937292, 4.66982e-06
0.938194, 4.53908e-06
0.939096, 4.51628e-06
0.939998, 4.65456e-06
0.940901, 4.87738e-06
0.941803, 4.94311e-06
0.942705, 4.80209e-06
0.943607, 4.67245e-06
0.944509, 4.63215e-06
0.945411, 4.59107e-06
0.946313, 4.59259e-06
0.947215, 4.46744e-06
0.948117, 4.44911e-06
0.94902, 4.69367e-06
0.949922, 4.88421e-06
0.950824, 4.79743e-06
0.951726, 4.61672e-06
0.952628, 4.52201e-06
0.95353, 4.55701e-06
0.954432, 4.74321e-06
0.955334, 4.94318e-06
0.956236, 4.92107e-06
0.957138, 4.74697e-06
0.958041, 4.66873e-06
0.958943, 4.62154e-06
0.959845, 4.6129e-06
0.960747, 4.57035e-06
0.961649, 4.4416e-06
0.962551, 4.52628e-06
0.963453, 4.80937e-06
0.964355, 4.88804e-06
0.965257, 4.74116e-06
0.96616, 4.58319e-06
0.967062, 4.52692e-06
0.967964, 4.61716e-06
0.968866, 4.84118e-06
0.969768, 4.97145e-06
0.97067, 4.87416e-06
0.971572, 4.71298e-06
0.972474, 4.66441e-06
0.973376, 4.61488e-06
0.974279, 4.62025e-06
0.975181, 4.52659e-06
0.976083, 4.4484e-06
0.976985, 4.63529e-06
0.977887, 4.87937e-06
0.978789, 4.86011e-06
0.979691, 4.68204e-06
0.980593, 4.56253e-06
0.981495, 4.55403e-06
0.982398, 4.70576e-06
0.9833, 4.92328e-06
0.984202, 4.96566e-06
0.985104, 4.81312e-06
0.986006, 4.6984e-06
0.986908, 4.65841e-06
0.98781, 4.62737e-06
0.988712, 4.61655e-06
0.989614, 4.48668e-06
0.990517, 4.49286e-06
0.991419, 4.75088e-06
0.992321, 4.91484e-06
0.993223, 4.80942e-06
0.994125, 4.63584e-06
0.995027, 4.55091e-06
0.995929, 4.59913e-06
0.996831, 4.79214e-06
0.997733, 4.98012e-06
0.998636, 4.93734e-06
0.999538, 4.76156e-06
