x, y
0, 0
0.000285272, 6.96364e-05
0.000570544, 0.000116579
0.000855816, 0.000156985
0.00114109, 0.000191287
0.00142636, 0.000220254
0.00171163, 0.000247131
0.00199691, 0.000264072
0.00228218, 0.000272195
0.00256745, 0.000277467
0.00285272, 0.000272298
0.00313799, 0.000271534
0.00342327, 0.000273503
0.00370854, 0.000278392
0.00399381, 0.000285158
0.00427908, 0.000290962
0.00456435, 0.000294301
0.00484963, 0.000295796
0.0051349, 0.000297183
0.00542017, 0.000300159
0.00570544, 0.000304966
0.00599072, 0.000312881
0.00627599, 0.000324161
0.00656126, 0.000331302
0.00684653, 0.000334821
0.0071318, 0.000331412
0.00741708, 0.000328893
0.00770235, 0.000327418
0.00798762, 0.000327598
0.00827289, 0.000330602
0.00855816, 0.000334215
0.00884344, 0.000335333
0.00912871, 0.000333877
0.00941398, 0.000330923
0.00969925, 0.000328895
0.00998453, 0.000328429
0.0102698, 0.00033056
0.0105551, 0.000336664
0.0108403, 0.00034483
0.0111256, 0.000349175
0.0114109, 0.000349447
0.0116962, 0.000345767
0.0119814, 0.000343576
0.0122667, 0.000342482
0.012552, 0.000343335
0.0128372, 0.000345943
0.0131225, 0.000347226
0.0134078, 0.000345659
0.0136931, 0.000341933
0.0139783, 0.00033806
0.0142636, 0.000336276
0.0145489, 0.000336744
0.0148342, 0.000340792
0.0151194, 0.000349064
0.0154047, 0.000356255
0.01569, 0.000359997
0.0159752, 0.000358225
0.0162605, 0.000356321
0.0165458, 0.000355241
0.0168311, 0.000355252
0.0171163, 0.000357588
0.0174016, 0.000360543
0.0176869, 0.000361259
0.0179721, 0.000359148
0.0182574, 0.000355495
0.0185427, 0.000352625
0.018828, 0.000351787
0.0191132, 0.00035341
0.0193985, 0.000358763
0.0196838, 0.000367213
0.0199691, 0.000371857
0.0202543, 0.000374901
0.0205396, 0.000372237
0.0208249, 0.000370827
0.0211101, 0.000370436
0.0213954, 0.000371702
0.0216807, 0.000374702
0.021966, 0.000376529
0.0222512, 0.000375619
0.0225365, 0.00037199
0.0228218, 0.000367594
0.023107, 0.000364753
0.0233923, 0.000364367
0.0236776, 0.000367335
0.0239629, 0.000374529
0.0242481, 0.000380181
0.0245334, 0.000384372
0.0248187, 0.000384891
0.025104, 0.000382034
0.0253892, 0.000380878
0.0256745, 0.000381061
0.0259598, 0.00038317
0.026245, 0.000385575
0.0265303, 0.000385831
0.0268156, 0.000383206
0.0271009, 0.000378555
0.0273861, 0.000374406
0.0276714, 0.000372592
0.0279567, 0.000373734
0.0282419, 0.000379018
0.0285272, 0.000386713
0.0288125, 0.000389781
0.0290978, 0.000394173
0.029383, 0.000391883
0.0296683, 0.000390041
0.0299536, 0.000389386
0.0302388, 0.000390262
0.0305241, 0.000392478
0.0308094, 0.000394046
0.0310947, 0.000393183
0.0313799, 0.000389342
0.0316652, 0.000384511
0.0319505, 0.000381074
0.0322358, 0.000380372
0.032521, 0.000383134
0.0328063, 0.000390269
0.0330916, 0.000395674
0.0333768, 0.000399188
0.0336621, 0.000400964
0.0339474, 0.000398022
0.0342327, 0.000396639
0.0345179, 0.000396357
0.0348032, 0.000397712
0.0350885, 0.00039948
0.0353737, 0.000399925
0.035659, 0.000397356
0.0359443, 0.000392506
0.0362296, 0.000387822
0.0365148, 0.000385322
0.0368001, 0.000385665
0.0370854, 0.000389992
0.0373707, 0.000397662
0.0376559, 0.000401021
0.0379412, 0.000405148
0.0382265, 0.000403357
0.0385117, 0.000401431
0.038797, 0.000400435
0.0390823, 0.000400586
0.0393676, 0.000402252
0.0396528, 0.000403464
0.0399381, 0.000402458
0.0402234, 0.000398542
0.0405086, 0.000393424
0.0407939, 0.000389531
0.0410792, 0.000388101
0.0413645, 0.000389858
0.0416497, 0.000395813
0.041935, 0.000402316
0.0422203, 0.000405697
0.0425056, 0.000407667
0.0427908, 0.000405248
0.0430761, 0.00040401
0.0433614, 0.000403469
0.0436466, 0.00040438
0.0439319, 0.00040607
0.0442172, 0.000406425
0.0445025, 0.000403994
0.0447877, 0.000399287
0.045073, 0.000394594
0.0453583, 0.000391867
0.0456435, 0.000391637
0.0459288, 0.0003951
0.0462141, 0.0004025
0.0464994, 0.000406849
0.0467846, 0.000410662
0.0470699, 0.000409322
0.0473552, 0.000407856
0.0476405, 0.000407004
0.0479257, 0.000407026
0.048211, 0.000408653
0.0484963, 0.000409947
0.0487815, 0.000409117
0.0490668, 0.000405468
0.0493521, 0.000400502
0.0496374, 0.000396654
0.0499226, 0.000395058
0.0502079, 0.00039645
0.0504932, 0.0004019
0.0507784, 0.000408675
0.0510637, 0.000412054
0.051349, 0.000414469
0.0516343, 0.000412246
0.0519195, 0.000411139
0.0522048, 0.000410707
0.0524901, 0.000411642
0.0527754, 0.000413488
0.0530606, 0.000413983
0.0533459, 0.000411868
0.0536312, 0.000407367
0.0539164, 0.000402727
0.0542017, 0.000399935
0.054487, 0.00039961
0.0547723, 0.000402902
0.0550575, 0.000410147
0.0553428, 0.000414393
0.0556281, 0.000418387
0.0559133, 0.000417547
0.0561986, 0.000415866
0.0564839, 0.000415055
0.0567692, 0.000415228
0.0570544, 0.00041694
0.0573397, 0.000418379
0.057625, 0.000417785
0.0579102, 0.000414347
0.0581955, 0.00040939
0.0584808, 0.00040538
0.0587661, 0.000403676
0.0590513, 0.000404951
0.0593366, 0.000410299
0.0596219, 0.0004168
0.0599072, 0.000419732
0.0601924, 0.000422801
0.0604777, 0.000420462
0.060763, 0.000419264
0.0610482, 0.00041886
0.0613335, 0.000419803
0.0616188, 0.000421598
0.0619041, 0.000422158
0.0621893, 0.000420168
0.0624746, 0.000415654
0.0627599, 0.000410825
0.0630451, 0.000407787
0.0633304, 0.000407321
0.0636157, 0.000410494
0.063901, 0.000417606
0.0641862, 0.000421436
0.0644715, 0.000425426
0.0647568, 0.000424961
0.0650421, 0.000423018
0.0653273, 0.000422119
0.0656126, 0.000422202
0.0658979, 0.000423743
0.0661831, 0.000425043
0.0664684, 0.000424471
0.0667537, 0.000421037
0.067039, 0.000415984
0.0673242, 0.000411707
0.0676095, 0.000409823
0.0678948, 0.00041093
0.06818, 0.000416105
0.0684653, 0.000422533
0.0687506, 0.000425306
0.0690359, 0.000428512
0.0693211, 0.00042621
0.0696064, 0.000424928
0.0698917, 0.000424397
0.070177, 0.000425121
0.0704622, 0.000426696
0.0707475, 0.0004272
0.0710328, 0.000425234
0.071318, 0.000420716
0.0716033, 0.000415781
0.0718886, 0.000412607
0.0721739, 0.000411946
0.0724591, 0.000414844
0.0727444, 0.000421762
0.0730297, 0.000425831
0.0733149, 0.000429715
0.0736002, 0.000429367
0.0738855, 0.000427466
0.0741708, 0.000426502
0.074456, 0.000426404
0.0747413, 0.000427766
0.0750266, 0.00042893
0.0753119, 0.000428347
0.0755971, 0.000424957
0.0758824, 0.000419911
0.0761677, 0.000415651
0.0764529, 0.000413634
0.0767382, 0.000414493
0.0770235, 0.000419332
0.0773088, 0.000425922
0.077594, 0.000428781
0.0778793, 0.000431929
0.0781646, 0.000429802
0.0784498, 0.000428597
0.0787351, 0.000428022
0.0790204, 0.000428624
0.0793057, 0.000430179
0.0795909, 0.000430659
0.0798762, 0.000428739
0.0801615, 0.00042428
0.0804468, 0.000419377
0.080732, 0.00041619
0.0810173, 0.000415405
0.0813026, 0.000418086
0.0815878, 0.000424811
0.0818731, 0.000429155
0.0821584, 0.000432964
0.0824437, 0.000432716
0.0827289, 0.000430948
0.0830142, 0.00043004
0.0832995, 0.000429949
0.0835847, 0.000431319
0.08387, 0.000432571
0.0841553, 0.000432015
0.0844406, 0.000428717
0.0847258, 0.000423736
0.0850111, 0.00041951
0.0852964, 0.000417485
0.0855816, 0.000418271
0.0858669, 0.000422987
0.0861522, 0.000429569
0.0864375, 0.000432421
0.0867227, 0.000435635
0.087008, 0.000433578
0.0872933, 0.000432421
0.0875786, 0.000431894
0.0878638, 0.000432556
0.0881491, 0.000434163
0.0884344, 0.000434651
0.0887196, 0.000432805
0.0890049, 0.000428422
0.0892902, 0.000423556
0.0895755, 0.000420369
0.0898607, 0.000419591
0.090146, 0.000422261
0.0904313, 0.000428938
0.0907165, 0.000433139
0.0910018, 0.000436966
0.0912871, 0.000436822
0.0915724, 0.000434986
0.0918576, 0.000434086
0.0921429, 0.000434038
0.0924282, 0.000435436
0.0927135, 0.000436687
0.0929987, 0.000436161
0.093284, 0.000432912
0.0935693, 0.000427952
0.0938545, 0.000423701
0.0941398, 0.000421673
0.0944251, 0.000422473
0.0947104, 0.000427208
0.0949956, 0.000433641
0.0952809, 0.000436362
0.0955662, 0.000439656
0.0958514, 0.000437563
0.0961367, 0.000436368
0.096422, 0.000435844
0.0967073, 0.000436521
0.0969925, 0.000438082
0.0972778, 0.000438542
0.0975631, 0.000436714
0.0978484, 0.000432322
0.0981336, 0.000427423
0.0984189, 0.000424201
0.0987042, 0.000423421
0.0989894, 0.000426097
0.0992747, 0.000432748
0.09956, 0.00043676
0.0998453, 0.000440548
0.100131, 0.000440433
0.100416, 0.000438562
0.100701, 0.000437644
0.100986, 0.000437586
0.101272, 0.000438933
0.101557, 0.00044011
0.101842, 0.000439561
0.102127, 0.000436271
0.102413, 0.000431285
0.102698, 0.000426858
0.102983, 0.000424809
0.103269, 0.000425599
0.103554, 0.00043032
0.103839, 0.000436674
0.104124, 0.000439357
0.10441, 0.000442597
0.104695, 0.000440509
0.10498, 0.000439311
0.105265, 0.000438762
0.105551, 0.000439392
0.105836, 0.000440881
0.106121, 0.0004413
0.106407, 0.000439426
0.106692, 0.000435015
0.106977, 0.000430119
0.107262, 0.000426907
0.107548, 0.000426115
0.107833, 0.000428766
0.108118, 0.00043537
0.108403, 0.00043938
0.108689, 0.000443154
0.108974, 0.000442946
0.109259, 0.000441142
0.109545, 0.000440226
0.10983, 0.000440139
0.110115, 0.000441447
0.1104, 0.000442519
0.110686, 0.000441909
0.110971, 0.000438594
0.111256, 0.000433612
0.111541, 0.000429374
0.111827, 0.000427344
0.112112, 0.000428123
0.112397, 0.000432807
0.112683, 0.000439124
0.112968, 0.000441844
0.113253, 0.000444959
0.113538, 0.000442911
0.113824, 0.000441755
0.114109, 0.000441211
0.114394, 0.000441841
0.114679, 0.000443314
0.114965, 0.000443684
0.11525, 0.000441757
0.115535, 0.000437341
0.11582, 0.00043248
0.116106, 0.000429319
0.116391, 0.000428549
0.116676, 0.000431214
0.116962, 0.000437791
0.117247, 0.000441756
0.117532, 0.000445504
0.117817, 0.000445207
0.118103, 0.000443491
0.118388, 0.000442615
0.118673, 0.00044256
0.118958, 0.000443886
0.119244, 0.000444996
0.119529, 0.000444344
0.119814, 0.000441003
0.1201, 0.000436042
0.120385, 0.000431858
0.12067, 0.000429877
0.120955, 0.000430712
0.121241, 0.000435444
0.121526, 0.000441653
0.121811, 0.000444374
0.122096, 0.000447384
0.122382, 0.000445345
0.122667, 0.000444228
0.122952, 0.000443724
0.123238, 0.000444407
0.123523, 0.00044589
0.123808, 0.000446222
0.124093, 0.000444251
0.124379, 0.000439824
0.124664, 0.000435004
0.124949, 0.000431894
0.125234, 0.00043119
0.12552, 0.00043394
0.125805, 0.000440538
0.12609, 0.000444316
0.126376, 0.000448071
0.126661, 0.000447653
0.126946, 0.00044597
0.127231, 0.000445115
0.127517, 0.000445107
0.127802, 0.000446453
0.128087, 0.000447527
0.128372, 0.000446811
0.128658, 0.000443425
0.128943, 0.000438461
0.129228, 0.000434334
0.129514, 0.000432411
0.129799, 0.000433336
0.130084, 0.000438169
0.130369, 0.000444227
0.130655, 0.000446908
0.13094, 0.000449803
0.131225, 0.000447734
0.13151, 0.000446627
0.131796, 0.000446141
0.132081, 0.000446865
0.132366, 0.000448308
0.132652, 0.000448562
0.132937, 0.000446517
0.133222, 0.000442045
0.133507, 0.000437243
0.133793, 0.000434196
0.134078, 0.000433563
0.134363, 0.000436417
0.134648, 0.000443034
0.134934, 0.000446629
0.135219, 0.000450385
0.135504, 0.000449808
0.13579, 0.000448162
0.136075, 0.000447317
0.13636, 0.00044733
0.136645, 0.000448672
0.136931, 0.000449674
0.137216, 0.000448885
0.137501, 0.000445421
0.137786, 0.000440223
0.138072, 0.000436137
0.138357, 0.000434285
0.138642, 0.000435313
0.138928, 0.000440251
0.139213, 0.000446161
0.139498, 0.000448881
0.139783, 0.000451603
0.140069, 0.000449519
0.140354, 0.000448427
0.140639, 0.000447958
0.140924, 0.000448711
0.14121, 0.000450126
0.141495, 0.000450332
0.14178, 0.000448195
0.142066, 0.000443677
0.142351, 0.00043891
0.142636, 0.000435942
0.142921, 0.000435399
0.143207, 0.000438365
0.143492, 0.00044499
0.143777, 0.000448466
0.144062, 0.000452228
0.144348, 0.000451451
0.144633, 0.000449889
0.144918, 0.000449068
0.145204, 0.000449112
0.145489, 0.000450462
0.145774, 0.000451338
0.146059, 0.000450463
0.146345, 0.000446913
0.14663, 0.000441942
0.146915, 0.000437953
0.1472, 0.000436178
0.147486, 0.000437314
0.147771, 0.000442358
0.148056, 0.000448108
0.148342, 0.000450889
0.148627, 0.000453369
0.148912, 0.000451298
0.149197, 0.000450234
0.149483, 0.000449796
0.149768, 0.000450593
0.150053, 0.000451978
0.150338, 0.000452108
0.150624, 0.000449842
0.150909, 0.00044528
0.151194, 0.000440568
0.15148, 0.000437693
0.151765, 0.000437255
0.15205, 0.000440353
0.152335, 0.000446983
0.152621, 0.00045031
0.152906, 0.000454039
0.153191, 0.000453068
0.153476, 0.000451598
0.153762, 0.000450816
0.154047, 0.000450919
0.154332, 0.000452292
0.154618, 0.000453179
0.154903, 0.000452206
0.155188, 0.00044857
0.155473, 0.000443613
0.155759, 0.000439706
0.156044, 0.000438027
0.156329, 0.0004393
0.156614, 0.000444485
0.1569, 0.000450042
0.157185, 0.000452869
0.15747, 0.000455102
0.157756, 0.000453029
0.158041, 0.000451994
0.158326, 0.000451596
0.158611, 0.000452456
0.158897, 0.000453821
0.159182, 0.000453855
0.159467, 0.000451489
0.159752, 0.00044688
0.160038, 0.00044222
0.160323, 0.000439447
0.160608, 0.000439135
0.160894, 0.000442399
0.161179, 0.00044901
0.161464, 0.000452151
0.161749, 0.000455873
0.162035, 0.000454685
0.16232, 0.000453282
0.162605, 0.000452529
0.16289, 0.000452689
0.163176, 0.000454077
0.163461, 0.000454895
0.163746, 0.00045381
0.164031, 0.000450077
0.164317, 0.000445124
0.164602, 0.000441311
0.164887, 0.000439743
0.165173, 0.000441183
0.165458, 0.000446541
0.165743, 0.000451843
0.166028, 0.000454782
0.166314, 0.000456706
0.166599, 0.000454641
0.166884, 0.000453619
0.167169, 0.000453261
0.167455, 0.000454182
0.16774, 0.000455497
0.168025, 0.000455457
0.168311, 0.00045294
0.168596, 0.000448277
0.168881, 0.000443678
0.169166, 0.000441012
0.169452, 0.000440846
0.169737, 0.000444299
0.170022, 0.000450876
0.170307, 0.000453854
0.170593, 0.00045753
0.170878, 0.000456148
0.171163, 0.000454831
0.171449, 0.000454116
0.171734, 0.000454341
0.172019, 0.000455729
0.172304, 0.000456464
0.17259, 0.000455252
0.172875, 0.000451404
0.17316, 0.000446151
0.173445, 0.000442422
0.173731, 0.000440984
0.174016, 0.000442605
0.174301, 0.000448146
0.174587, 0.000453215
0.174872, 0.000456373
0.175157, 0.000457831
0.175442, 0.000455812
0.175728, 0.000454829
0.176013, 0.000454522
0.176298, 0.00045551
0.176583, 0.000456795
0.176869, 0.000456668
0.177154, 0.00045402
0.177439, 0.000449312
0.177725, 0.000444794
0.17801, 0.00044225
0.178295, 0.000442243
0.17858, 0.000445895
0.178866, 0.000452411
0.179151, 0.000455254
0.179436, 0.000458877
0.179721, 0.000457321
0.180007, 0.000456052
0.180292, 0.000455377
0.180577, 0.000455674
0.180863, 0.00045707
0.181148, 0.000457613
0.181433, 0.000456262
0.181718, 0.000452318
0.182004, 0.000447419
0.182289, 0.000443818
0.182574, 0.000442508
0.182859, 0.000444311
0.183145, 0.000450033
0.18343, 0.000454805
0.183715, 0.00045816
0.184001, 0.000459162
0.184286, 0.000457201
0.184571, 0.000456234
0.184856, 0.000455977
0.185142, 0.000457026
0.185427, 0.000458246
0.185712, 0.000457992
0.185997, 0.000455191
0.186283, 0.000450434
0.186568, 0.000445993
0.186853, 0.000443574
0.187139, 0.000443743
0.187424, 0.000447607
0.187709, 0.000454033
0.187994, 0.000456751
0.18828, 0.000460262
0.188565, 0.000458572
0.18885, 0.000457362
0.189135, 0.000456732
0.189421, 0.000457115
0.189706, 0.000458511
0.189991, 0.000459068
0.190277, 0.000457576
0.190562, 0.000453514
0.190847, 0.000448652
0.191132, 0.000445171
0.191418, 0.000444003
0.191703, 0.000446012
0.191988, 0.000451933
0.192273, 0.000456373
0.192559, 0.000459828
0.192844, 0.000460436
0.193129, 0.000458542
0.193415, 0.000457609
0.1937, 0.000457409
0.193985, 0.000458525
0.19427, 0.000459686
0.194556, 0.000459301
0.194841, 0.000456351
0.195126, 0.000451556
0.195411, 0.00044721
0.195697, 0.000444929
0.195982, 0.000445283
0.196267, 0.000449376
0.196553, 0.000455649
0.196838, 0.000458261
0.197123, 0.000461657
0.197408, 0.000459827
0.197694, 0.00045865
0.197979, 0.000458059
0.198264, 0.000458518
0.198549, 0.000459907
0.198835, 0.000460357
0.19912, 0.000458707
0.199405, 0.000454536
0.199691, 0.000449707
0.199976, 0.000446361
0.200261, 0.000445351
0.200546, 0.000447587
0.200832, 0.000453726
0.201117, 0.000457807
0.201402, 0.000461351
0.201687, 0.00046157
0.201973, 0.000459777
0.202258, 0.000458881
0.202543, 0.000458747
0.202829, 0.00045992
0.203114, 0.000461001
0.203399, 0.000460477
0.203684, 0.000457371
0.20397, 0.00045254
0.204255, 0.000448306
0.20454, 0.000446169
0.204825, 0.000446726
0.205111, 0.000451055
0.205396, 0.000457159
0.205681, 0.000459703
0.205967, 0.000462902
0.206252, 0.000460977
0.206537, 0.000459856
0.206822, 0.000459312
0.207108, 0.00045986
0.207393, 0.000461238
0.207678, 0.000461597
0.207963, 0.000459751
0.208249, 0.000455474
0.208534, 0.000450349
0.208819, 0.000447143
0.209104, 0.000446299
0.20939, 0.000448781
0.209675, 0.00045508
0.20996, 0.000458846
0.210246, 0.000462481
0.210531, 0.000462296
0.210816, 0.000460606
0.211101, 0.000459747
0.211387, 0.000459678
0.211672, 0.000460915
0.211957, 0.00046193
0.212242, 0.000461258
0.212528, 0.000458002
0.212813, 0.00045315
0.213098, 0.000449028
0.213384, 0.000447051
0.213669, 0.000447836
0.213954, 0.000452428
0.214239, 0.000458325
0.214525, 0.000460932
0.21481, 0.000463829
0.215095, 0.000461855
0.21538, 0.000460785
0.215666, 0.000460303
0.215951, 0.000460956
0.216236, 0.000462319
0.216522, 0.000462439
0.216807, 0.000460427
0.217092, 0.000456046
0.217377, 0.000451342
0.217663, 0.000448311
0.217948, 0.000447636
0.218233, 0.000450364
0.218518, 0.000456764
0.218804, 0.000460238
0.219089, 0.000463886
0.219374, 0.000463314
0.21966, 0.00046175
0.219945, 0.000460936
0.22023, 0.000460944
0.220515, 0.000462223
0.220801, 0.000463166
0.221086, 0.00046232
0.221371, 0.00045889
0.221656, 0.000454014
0.221942, 0.000450033
0.222227, 0.000448207
0.222512, 0.000449219
0.222798, 0.000454062
0.223083, 0.000459685
0.223368, 0.000462358
0.223653, 0.000464903
0.223939, 0.000462878
0.224224, 0.000461825
0.224509, 0.000461387
0.224794, 0.000462131
0.22508, 0.00046346
0.225365, 0.000463574
0.22565, 0.000461365
0.225936, 0.000456889
0.226221, 0.000452236
0.226506, 0.000449364
0.226791, 0.00044889
0.227077, 0.000451887
0.227362, 0.000458339
0.227647, 0.000461545
0.227932, 0.000465195
0.228218, 0.000464267
0.228503, 0.000462834
0.228788, 0.000462071
0.229074, 0.000462166
0.229359, 0.000463486
0.229644, 0.000464311
0.229929, 0.000463302
0.230215, 0.000459708
0.2305, 0.000454831
0.230785, 0.000450985
0.23107, 0.000449327
0.231356, 0.000450588
0.231641, 0.000455696
0.231926, 0.000461016
0.232212, 0.000463812
0.232497, 0.00046592
0.232782, 0.000463896
0.233067, 0.00046289
0.233353, 0.000462512
0.233638, 0.000463359
0.233923, 0.000464647
0.234208, 0.000464638
0.234494, 0.000462218
0.234779, 0.000457653
0.235064, 0.000453085
0.23535, 0.000450377
0.235635, 0.000450113
0.23592, 0.000453389
0.236205, 0.000459825
0.236491, 0.000462794
0.236776, 0.000466433
0.237061, 0.000465159
0.237346, 0.000463835
0.237632, 0.000463115
0.237917, 0.000463298
0.238202, 0.000464637
0.238488, 0.000465353
0.238773, 0.000464181
0.239058, 0.000460419
0.239343, 0.000455554
0.239629, 0.000451851
0.239914, 0.000450373
0.240199, 0.000451896
0.240484, 0.00045728
0.24077, 0.000462266
0.241055, 0.000465282
0.24134, 0.000466826
0.241626, 0.000464847
0.241911, 0.000463882
0.242196, 0.000463575
0.242481, 0.000464524
0.242767, 0.000465755
0.243052, 0.000465583
0.243337, 0.000462966
0.243622, 0.000458318
0.243908, 0.000453386
0.244193, 0.000450829
0.244478, 0.000450808
0.244764, 0.000454393
0.245049, 0.000460778
0.245334, 0.000463554
0.245619, 0.000467126
0.245905, 0.0004656
0.24619, 0.000464363
0.246475, 0.000463706
0.24676, 0.000464011
0.247046, 0.000465376
0.247331, 0.000466009
0.247616, 0.000464644
0.247902, 0.000460735
0.248187, 0.000455904
0.248472, 0.000452357
0.248757, 0.00045108
0.249043, 0.000452884
0.249328, 0.000458554
0.249613, 0.000463154
0.249898, 0.000466478
0.250184, 0.000467393
0.250469, 0.000465495
0.250754, 0.000464563
0.25104, 0.000464334
0.251325, 0.000465382
0.25161, 0.000466389
0.251895, 0.000466092
0.252181, 0.000463273
0.252466, 0.000458559
0.252751, 0.000454206
0.253036, 0.000451848
0.253322, 0.000452063
0.253607, 0.000455943
0.253892, 0.000462196
0.254177, 0.000464812
0.254463, 0.000468237
0.254748, 0.000466515
0.255033, 0.000465344
0.255319, 0.00046474
0.255604, 0.000465152
0.255889, 0.000466513
0.256174, 0.000467
0.25646, 0.000465427
0.256745, 0.000461364
0.25703, 0.000456577
0.257315, 0.000453193
0.257601, 0.000452104
0.257886, 0.000454187
0.258171, 0.000460135
0.258457, 0.000464291
0.258742, 0.000467768
0.259027, 0.000468148
0.259312, 0.000466337
0.259598, 0.000465431
0.259883, 0.00046527
0.260168, 0.000466395
0.260453, 0.000467468
0.260739, 0.000466991
0.261024, 0.000463975
0.261309, 0.000459214
0.261595, 0.000454973
0.26188, 0.000452798
0.262165, 0.000453269
0.26245, 0.000457458
0.262736, 0.000463522
0.263021, 0.000466034
0.263306, 0.000469249
0.263591, 0.000467389
0.263877, 0.000466282
0.264162, 0.000465737
0.264447, 0.000466261
0.264733, 0.00046761
0.265018, 0.000467951
0.265303, 0.000466162
0.265588, 0.000461955
0.265874, 0.000457228
0.266159, 0.000454029
0.266444, 0.000453141
0.266729, 0.000455527
0.267015, 0.000461701
0.2673, 0.000465439
0.267585, 0.000469009
0.267871, 0.000468889
0.268156, 0.000467201
0.268441, 0.000466345
0.268726, 0.000466268
0.269012, 0.000467467
0.269297, 0.000468465
0.269582, 0.000467796
0.269867, 0.000464576
0.270153, 0.000459773
0.270438, 0.00045567
0.270723, 0.000453681
0.271009, 0.000454419
0.271294, 0.000458921
0.271579, 0.000464723
0.271864, 0.000467279
0.27215, 0.000470148
0.272435, 0.000468199
0.27272, 0.000467136
0.273005, 0.000466653
0.273291, 0.000467289
0.273576, 0.000468614
0.273861, 0.000468818
0.274147, 0.000466813
0.274432, 0.000462476
0.274717, 0.000457814
0.275002, 0.000454809
0.275288, 0.000454134
0.275573, 0.000456832
0.275858, 0.000463143
0.276143, 0.000466535
0.276429, 0.000470144
0.276714, 0.000469553
0.276999, 0.000468018
0.277285, 0.000467218
0.27757, 0.00046723
0.277855, 0.000468494
0.27814, 0.000469394
0.278426, 0.000468524
0.278711, 0.00046511
0.278996, 0.000459823
0.279281, 0.000455868
0.279567, 0.000454078
0.279852, 0.000455112
0.280137, 0.000459943
0.280423, 0.000465448
0.280708, 0.00046812
0.280993, 0.000470563
0.281278, 0.000468574
0.281564, 0.000467553
0.281849, 0.000467138
0.282134, 0.000467903
0.282419, 0.0004692
0.282705, 0.000469276
0.28299, 0.000467055
0.283275, 0.0004626
0.283561, 0.000458025
0.283846, 0.000455216
0.284131, 0.000454792
0.284416, 0.000457824
0.284702, 0.000464207
0.284987, 0.000467304
0.285272, 0.000470919
0.285557, 0.00046991
0.285843, 0.000468535
0.286128, 0.000467798
0.286413, 0.000467927
0.286699, 0.000469238
0.286984, 0.000469886
0.287269, 0.000468822
0.287554, 0.000465206
0.28784, 0.000460375
0.288125, 0.000456603
0.28841, 0.000455012
0.288695, 0.000456338
0.288981, 0.000461485
0.289266, 0.000466611
0.289551, 0.000469451
0.289837, 0.000471363
0.290122, 0.000469373
0.290407, 0.000468382
0.290692, 0.000468033
0.290978, 0.000468909
0.291263, 0.000470146
0.291548, 0.000470065
0.291833, 0.000467591
0.292119, 0.000463031
0.292404, 0.000458534
0.292689, 0.000455918
0.292975, 0.000455747
0.29326, 0.000459114
0.293545, 0.000465466
0.29383, 0.000468299
0.294116, 0.000471857
0.294401, 0.000470481
0.294686, 0.000469237
0.294971, 0.000468557
0.295257, 0.000468801
0.295542, 0.000470134
0.295827, 0.000470781
0.296113, 0.000469505
0.296398, 0.000465704
0.296683, 0.000460897
0.296968, 0.00045729
0.297254, 0.000455913
0.297539, 0.000457548
0.297824, 0.000463015
0.298109, 0.000467729
0.298395, 0.000470928
0.29868, 0.000472075
0.298965, 0.000470142
0.299251, 0.00046919
0.299536, 0.000468923
0.299821, 0.000469912
0.300106, 0.000471078
0.300392, 0.000470839
0.300677, 0.000468129
0.300962, 0.000463477
0.301247, 0.000459091
0.301533, 0.000456669
0.301818, 0.000456771
0.302103, 0.000460498
0.302388, 0.000466727
0.302674, 0.000469357
0.302959, 0.000472799
0.303244, 0.000471174
0.30353, 0.000469996
0.303815, 0.00046938
0.3041, 0.000469746
0.304385, 0.000471077
0.304671, 0.000471579
0.304956, 0.0004701
0.305241, 0.000466115
0.305526, 0.000461348
0.305812, 0.000457923
0.306097, 0.000456764
0.306382, 0.000458724
0.306668, 0.00046452
0.306953, 0.000468758
0.307238, 0.000472142
0.307523, 0.000472681
0.307809, 0.000470858
0.308094, 0.00046995
0.308379, 0.000469772
0.308664, 0.000470859
0.30895, 0.000471939
0.309235, 0.000471506
0.30952, 0.000468567
0.309806, 0.000463853
0.310091, 0.000459599
0.310376, 0.000457383
0.310661, 0.000457769
0.310947, 0.000461849
0.311232, 0.000467884
0.311517, 0.000470387
0.311802, 0.000473638
0.312088, 0.000471827
0.312373, 0.000470711
0.312658, 0.000470154
0.312944, 0.000470642
0.313229, 0.00047197
0.313514, 0.000472322
0.313799, 0.000470608
0.314085, 0.000466457
0.31437, 0.000461167
0.314655, 0.000457915
0.31494, 0.000456999
0.315226, 0.000459312
0.315511, 0.000465424
0.315796, 0.000469196
0.316082, 0.000472724
0.316367, 0.000472704
0.316652, 0.000471024
0.316937, 0.000470177
0.317223, 0.000470093
0.317508, 0.00047128
0.317793, 0.000472285
0.318078, 0.000471648
0.318364, 0.000468496
0.318649, 0.000463738
0.318934, 0.000459649
0.31922, 0.00045765
0.319505, 0.000458347
0.31979, 0.000462803
0.320075, 0.000468586
0.320361, 0.000471119
0.320646, 0.000474019
0.320931, 0.0004721
0.321216, 0.000471043
0.321502, 0.000470564
0.321787, 0.000471188
0.322072, 0.000472505
0.322358, 0.000472535
0.322643, 0.000470568
0.322928, 0.000466276
0.323213, 0.000461644
0.323499, 0.000458642
0.323784, 0.000457952
0.324069, 0.000460613
0.324354, 0.000466878
0.32464, 0.000470253
0.324925, 0.000473833
0.32521, 0.000473273
0.325496, 0.000471747
0.325781, 0.000470948
0.326066, 0.000470958
0.326351, 0.000472206
0.326637, 0.000473096
0.326922, 0.000472239
0.327207, 0.000468853
0.327492, 0.000464052
0.327778, 0.000460138
0.328063, 0.000458345
0.328348, 0.000459355
0.328634, 0.000464159
0.328919, 0.000469598
0.329204, 0.000472235
0.329489, 0.000474652
0.329775, 0.000472677
0.33006, 0.000471659
0.330345, 0.000471243
0.33063, 0.000471995
0.330916, 0.000473268
0.331201, 0.000473323
0.331486, 0.000471106
0.331772, 0.000466673
0.332057, 0.00046212
0.332342, 0.000459324
0.332627, 0.000458898
0.332913, 0.000461918
0.333198, 0.00046824
0.333483, 0.000471276
0.333768, 0.000474863
0.334054, 0.000473832
0.334339, 0.000472464
0.334624, 0.000471726
0.33491, 0.000471852
0.335195, 0.000473141
0.33548, 0.000473895
0.335765, 0.000472815
0.336051, 0.000469208
0.336336, 0.000464406
0.336621, 0.000460669
0.336906, 0.000459097
0.337192, 0.000460436
0.337477, 0.000465602
0.337762, 0.000470631
0.338048, 0.000473466
0.338333, 0.000475292
0.338618, 0.000473325
0.338903, 0.000472345
0.339189, 0.000472005
0.339474, 0.000472885
0.339759, 0.000474096
0.340044, 0.000473987
0.34033, 0.000471505
0.340615, 0.000466954
0.3409, 0.000462499
0.341186, 0.000459921
0.341471, 0.000459779
0.341756, 0.000463183
0.342041, 0.000469466
0.342327, 0.00047223
0.342612, 0.000475747
0.342897, 0.000474336
0.343182, 0.0004731
0.343468, 0.000472427
0.343753, 0.000472681
0.344038, 0.000473994
0.344324, 0.000474605
0.344609, 0.000473293
0.344894, 0.00046948
0.345179, 0.000464706
0.345465, 0.000461153
0.34575, 0.000459819
0.346035, 0.000461502
0.34632, 0.000467031
0.346606, 0.000471599
0.346891, 0.00047482
0.347176, 0.000475822
0.347461, 0.000473925
0.347747, 0.000472984
0.348032, 0.000472733
0.348317, 0.000473727
0.348603, 0.000474859
0.348888, 0.000474568
0.349173, 0.000471826
0.349458, 0.000467185
0.349744, 0.00046235
0.350029, 0.000459968
0.350314, 0.000460138
0.350599, 0.00046394
0.350885, 0.000470111
0.35117, 0.000472683
0.351455, 0.000476066
0.351741, 0.000474401
0.352026, 0.00047325
0.352311, 0.000472653
0.352596, 0.000473049
0.352882, 0.000474378
0.353167, 0.000474846
0.353452, 0.000473303
0.353737, 0.000469307
0.354023, 0.000464585
0.354308, 0.000461239
0.354593, 0.000460155
0.354879, 0.000462212
0.355164, 0.000468108
0.355449, 0.000472166
0.355734, 0.000475584
0.35602, 0.000475952
0.356305, 0.000474179
0.35659, 0.00047329
0.356875, 0.000473139
0.357161, 0.000474247
0.357446, 0.000475132
0.357731, 0.000474646
0.358017, 0.00047166
0.358302, 0.000466954
0.358587, 0.000462771
0.358872, 0.000460636
0.359158, 0.00046111
0.359443, 0.000465298
0.359728, 0.000471235
0.360013, 0.000473683
0.360299, 0.000476819
0.360584, 0.000474976
0.360869, 0.000473888
0.361155, 0.000473356
0.36144, 0.000473886
0.361725, 0.000475199
0.36201, 0.000475501
0.362296, 0.000473694
0.362581, 0.00046952
0.362866, 0.000464856
0.363151, 0.000461728
0.363437, 0.000460881
0.363722, 0.000463304
0.364007, 0.000469453
0.364293, 0.000473025
0.364578, 0.000476556
0.364863, 0.00047632
0.365148, 0.000474697
0.365434, 0.000473862
0.365719, 0.000473802
0.366004, 0.000474997
0.366289, 0.000475923
0.366575, 0.000475206
0.36686, 0.000471979
0.367145, 0.000467221
0.367431, 0.000463212
0.367716, 0.0004613
0.368001, 0.000462103
0.368286, 0.000466676
0.368572, 0.000472289
0.368857, 0.000474798
0.369142, 0.0004775
0.369427, 0.000475558
0.369713, 0.000474524
0.369998, 0.000474065
0.370283, 0.00047473
0.370569, 0.000476013
0.370854, 0.000476152
0.371139, 0.000474072
0.371424, 0.000469744
0.37171, 0.000465158
0.371995, 0.000462254
0.37228, 0.000461672
0.372565, 0.000464477
0.372851, 0.000470753
0.373136, 0.000473939
0.373421, 0.000477511
0.373707, 0.000476733
0.373992, 0.000475277
0.374277, 0.000474502
0.374562, 0.000474559
0.374848, 0.000475813
0.375133, 0.000476614
0.375418, 0.000475677
0.375703, 0.000472209
0.375989, 0.000467423
0.376274, 0.000463607
0.376559, 0.000461923
0.376845, 0.00046307
0.37713, 0.000468033
0.377415, 0.000473251
0.3777, 0.000475915
0.377986, 0.000478061
0.378271, 0.000476093
0.378556, 0.000475104
0.378841, 0.000474721
0.379127, 0.000475528
0.379412, 0.000476756
0.379697, 0.000476725
0.379983, 0.000474368
0.380268, 0.000469907
0.380553, 0.000465419
0.380838, 0.000462742
0.381124, 0.000462452
0.381409, 0.00046565
0.381694, 0.000471948
0.381979, 0.000474809
0.382265, 0.000478356
0.38255, 0.000477112
0.382835, 0.000475822
0.383121, 0.000475114
0.383406, 0.000475303
0.383691, 0.000476593
0.383976, 0.000477251
0.384262, 0.000476079
0.384547, 0.000472382
0.384832, 0.000466959
0.385117, 0.000463294
0.385403, 0.000461862
0.385688, 0.000463382
0.385973, 0.000468739
0.386259, 0.00047352
0.386544, 0.000476552
0.386829, 0.000477927
0.387114, 0.000476009
0.3874, 0.000475071
0.387685, 0.000474787
0.38797, 0.000475733
0.388255, 0.000476906
0.388541, 0.000476697
0.388826, 0.000474083
0.389111, 0.000469518
0.389397, 0.00046516
0.389682, 0.000462719
0.389967, 0.00046275
0.390252, 0.000466371
0.390538, 0.000472586
0.390823, 0.000475212
0.391108, 0.000478663
0.391393, 0.000477105
0.391679, 0.000475921
0.391964, 0.000475296
0.392249, 0.000475638
0.392534, 0.000476952
0.39282, 0.000477248
0.393105, 0.000475835
0.39339, 0.000471928
0.393676, 0.000467208
0.393961, 0.000463786
0.394246, 0.000462599
0.394531, 0.000464485
0.394817, 0.000470205
0.395102, 0.000474449
0.395387, 0.00047776
0.395672, 0.000478377
0.395958, 0.000476561
0.396243, 0.000475658
0.396528, 0.00047547
0.396814, 0.000476528
0.397099, 0.000477598
0.397384, 0.000477181
0.397669, 0.000474296
0.397955, 0.000469642
0.39824, 0.000465418
0.398525, 0.0004632
0.39881, 0.00046355
0.399096, 0.000467574
0.399381, 0.000473572
0.399666, 0.000476037
0.399952, 0.00047927
0.400237, 0.000477486
0.400522, 0.000476374
0.400807, 0.000475816
0.401093, 0.000476297
0.401378, 0.000477603
0.401663, 0.000477946
0.401948, 0.000476262
0.402234, 0.000472163
0.402519, 0.0004675
0.402804, 0.000464299
0.40309, 0.000463367
0.403375, 0.000465645
0.40366, 0.000471694
0.403945, 0.000475385
0.404231, 0.00047885
0.404516, 0.000478819
0.404801, 0.000477149
0.405086, 0.000476301
0.405372, 0.000476207
0.405657, 0.000477363
0.405942, 0.000478329
0.406228, 0.000477678
0.406513, 0.000474539
0.406798, 0.00046982
0.407083, 0.000465766
0.407369, 0.000463783
0.407654, 0.00046447
0.407939, 0.0004689
0.408224, 0.000474592
0.40851, 0.000477075
0.408795, 0.000479899
0.40908, 0.000477992
0.409366, 0.000476943
0.409651, 0.000476465
0.409936, 0.000477085
0.410221, 0.000478364
0.410507, 0.000478542
0.410792, 0.000476564
0.411077, 0.000472301
0.411362, 0.000467712
0.411648, 0.000464753
0.411933, 0.000464085
0.412218, 0.00046676
0.412504, 0.000472983
0.412789, 0.000476247
0.413074, 0.000479778
0.413359, 0.000479155
0.413645, 0.000477662
0.41393, 0.000476876
0.414215, 0.000476899
0.4145, 0.00047813
0.414786, 0.000478976
0.415071, 0.000478085
0.415356, 0.00047469
0.415642, 0.000469925
0.415927, 0.000466069
0.416212, 0.000464323
0.416497, 0.000465374
0.416783, 0.000470211
0.417068, 0.000475509
0.417353, 0.000478126
0.417638, 0.000480401
0.417924, 0.000478453
0.418209, 0.00047746
0.418494, 0.000477062
0.41878, 0.00047783
0.419065, 0.000479064
0.41935, 0.000479065
0.419635, 0.00047681
0.419921, 0.000472393
0.420206, 0.000467352
0.420491, 0.000464606
0.420776, 0.000464246
0.421062, 0.00046734
0.421347, 0.000473626
0.421632, 0.000476543
0.421918, 0.000480086
0.422203, 0.000478956
0.422488, 0.000477643
0.422773, 0.000476933
0.423059, 0.000477103
0.423344, 0.000478386
0.423629, 0.0004791
0.423914, 0.000477975
0.4242, 0.000474343
0.424485, 0.000469587
0.42477, 0.000465936
0.425056, 0.000464447
0.425341, 0.000465884
0.425626, 0.000471134
0.425911, 0.000475988
0.426197, 0.000478874
0.426482, 0.00048045
0.426767, 0.000478538
0.427052, 0.000477598
0.427338, 0.000477299
0.427623, 0.000478218
0.427908, 0.00047922
0.428194, 0.000479039
0.428479, 0.000476491
0.428764, 0.000471953
0.429049, 0.000467578
0.429335, 0.000465092
0.42962, 0.000465051
0.429905, 0.000468567
0.43019, 0.000474762
0.430476, 0.000477401
0.430761, 0.000480859
0.431046, 0.000479344
0.431332, 0.000478139
0.431617, 0.000477491
0.431902, 0.000477798
0.432187, 0.000479095
0.432473, 0.000479624
0.432758, 0.000478242
0.433043, 0.000474388
0.433328, 0.000469665
0.433614, 0.000466222
0.433899, 0.000464994
0.434184, 0.000466814
0.43447, 0.000472453
0.434755, 0.000476767
0.43504, 0.000480007
0.435325, 0.000480739
0.435611, 0.000478919
0.435896, 0.000478017
0.436181, 0.000477811
0.436466, 0.000478845
0.436752, 0.000479913
0.437037, 0.000479521
0.437322, 0.000476682
0.437608, 0.000472054
0.437893, 0.000467828
0.438178, 0.000465585
0.438463, 0.000465881
0.438749, 0.00046983
0.439034, 0.000475823
0.439319, 0.000478283
0.439604, 0.000481541
0.43989, 0.000479783
0.440175, 0.000478658
0.44046, 0.000478088
0.440745, 0.000478544
0.441031, 0.000479838
0.441316, 0.000480196
0.441601, 0.000478546
0.441887, 0.000474487
0.442172, 0.000469826
0.442457, 0.00046661
0.442742, 0.000465651
0.443028, 0.000467871
0.443313, 0.000473879
0.443598, 0.000477605
0.443883, 0.00048103
0.444169, 0.000481073
0.444454, 0.000479394
0.444739, 0.000478538
0.445025, 0.000478436
0.44531, 0.000479571
0.445595, 0.000480531
0.44588, 0.000479899
0.446166, 0.0004768
0.446451, 0.000472106
0.446736, 0.000468053
0.447021, 0.000466052
0.447307, 0.000466699
0.447592, 0.000471076
0.447877, 0.000476774
0.448163, 0.000479234
0.448448, 0.000482091
0.448733, 0.000480192
0.449018, 0.000479136
0.449304, 0.000478649
0.449589, 0.000479254
0.449874, 0.000480525
0.450159, 0.000480709
0.450445, 0.000478762
0.45073, 0.00047453
0.451015, 0.000469956
0.451301, 0.00046699
0.451586, 0.000466301
0.451871, 0.000468932
0.452156, 0.000475127
0.452442, 0.000478399
0.452727, 0.000481914
0.453012, 0.000481331
0.453297, 0.000479832
0.453583, 0.000479044
0.453868, 0.000479057
0.454153, 0.000480273
0.454439, 0.000481119
0.454724, 0.000480246
0.455009, 0.000476883
0.455294, 0.000471398
0.45558, 0.000467501
0.455865, 0.000465758
0.45615, 0.000466795
0.456435, 0.00047161
0.456721, 0.000476928
0.457006, 0.00047954
0.457291, 0.000481849
0.457577, 0.000479913
0.457862, 0.000478927
0.458147, 0.000478535
0.458432, 0.000479307
0.458718, 0.000480546
0.459003, 0.000480565
0.459288, 0.000478337
0.459573, 0.000473954
0.459859, 0.000469477
0.460144, 0.000466762
0.460429, 0.000466394
0.460715, 0.000469467
0.461, 0.000475736
0.461285, 0.000478649
0.46157, 0.000482179
0.461856, 0.000481071
0.462141, 0.000479764
0.462426, 0.000479054
0.462711, 0.00047922
0.462997, 0.000480496
0.463282, 0.00048097
0.463567, 0.000479854
0.463853, 0.000476235
0.464138, 0.000471491
0.464423, 0.000467843
0.464708, 0.000466348
0.464994, 0.000467768
0.465279, 0.000472992
0.465564, 0.000477825
0.465849, 0.00048069
0.466135, 0.000482269
0.46642, 0.000480359
0.466705, 0.000479419
0.466991, 0.000479116
0.467276, 0.000480025
0.467561, 0.000481182
0.467846, 0.000481
0.468132, 0.000478462
0.468417, 0.000473941
0.468702, 0.000469582
0.468987, 0.000467105
0.469273, 0.000467063
0.469558, 0.000470575
0.469843, 0.000476746
0.470129, 0.00047937
0.470414, 0.000482813
0.470699, 0.000481305
0.470984, 0.000480105
0.47127, 0.000479461
0.471555, 0.000479766
0.47184, 0.000481055
0.472125, 0.000481576
0.472411, 0.000480193
0.472696, 0.000476349
0.472981, 0.000471645
0.473267, 0.000468216
0.473552, 0.000466995
0.473837, 0.000468814
0.474122, 0.000474442
0.474408, 0.000478719
0.474693, 0.000481949
0.474978, 0.000482661
0.475263, 0.000480851
0.475549, 0.000479952
0.475834, 0.000479747
0.476119, 0.000480777
0.476405, 0.000481836
0.47669, 0.00048143
0.476975, 0.000478593
0.47726, 0.000473982
0.477546, 0.000469775
0.477831, 0.000467548
0.478116, 0.000467853
0.478401, 0.000471811
0.478687, 0.000477775
0.478972, 0.000480217
0.479257, 0.000483451
0.479543, 0.000481692
0.479828, 0.000480577
0.480113, 0.000480012
0.480398, 0.000480472
0.480684, 0.000481757
0.480969, 0.000482099
0.481254, 0.000480449
0.481539, 0.000476392
0.481825, 0.000471759
0.48211, 0.000468563
0.482395, 0.000467617
0.482681, 0.000469846
0.482966, 0.00047584
0.483251, 0.00047952
0.483536, 0.000482949
0.483822, 0.000482946
0.484107, 0.000481283
0.484392, 0.000480437
0.484677, 0.000480336
0.484963, 0.000481474
0.485248, 0.000482423
0.485533, 0.000481775
0.485818, 0.000478669
0.486104, 0.000473985
0.486389, 0.000469955
0.486674, 0.000467978
0.48696, 0.000468651
0.487245, 0.000473045
0.48753, 0.000478693
0.487815, 0.000481147
0.488101, 0.000483952
0.488386, 0.00048206
0.488671, 0.000481017
0.488956, 0.000480539
0.489242, 0.000481154
0.489527, 0.000482413
0.489812, 0.000482583
0.490098, 0.000480624
0.490383, 0.000476391
0.490668, 0.000471265
0.490953, 0.000468301
0.491239, 0.000467644
0.491524, 0.000470311
0.491809, 0.000476509
0.492094, 0.00047974
0.49238, 0.000483253
0.492665, 0.000482626
0.49295, 0.000481157
0.493236, 0.000480382
0.493521, 0.000480417
0.493806, 0.000481645
0.494091, 0.000482482
0.494377, 0.000481591
0.494662, 0.000478216
0.494947, 0.00047349
0.495232, 0.000469675
0.495518, 0.000467958
0.495803, 0.000469032
0.496088, 0.000473873
0.496374, 0.00047912
0.496659, 0.000481727
0.496944, 0.000483953
0.497229, 0.000482026
0.497515, 0.000481051
0.4978, 0.000480667
0.498085, 0.000481446
0.49837, 0.000482665
0.498656, 0.000482476
0.498941, 0.000480211
0.499226, 0.000475817
0.499512, 0.000471358
0.499797, 0.000468671
0.500082, 0.000468334
0.500367, 0.000471443
0.500653, 0.000477673
0.500938, 0.000480524
0.501223, 0.000484042
0.501508, 0.000482867
0.501794, 0.000481568
0.502079, 0.000480859
0.502364, 0.000481031
0.50265, 0.000482295
0.502935, 0.000482952
0.50322, 0.000481812
0.503505, 0.000478176
0.503791, 0.000473456
0.504076, 0.000469849
0.504361, 0.000468393
0.504646, 0.000469863
0.504932, 0.000475125
0.505217, 0.000479864
0.505502, 0.000482777
0.505788, 0.00048421
0.506073, 0.000482315
0.506358, 0.000481382
0.506643, 0.000481087
0.506929, 0.000482007
0.507214, 0.000483147
0.507499, 0.000482931
0.507784, 0.000480344
0.50807, 0.000475822
0.508355, 0.000471495
0.50864, 0.00046906
0.508926, 0.000469065
0.509211, 0.000472635
0.509496, 0.000478759
0.509781, 0.000481332
0.510067, 0.000484732
0.510352, 0.000483187
0.510637, 0.00048201
0.510922, 0.000481381
0.511208, 0.000481711
0.511493, 0.000482992
0.511778, 0.000483476
0.512064, 0.000482064
0.512349, 0.000478191
0.512634, 0.000473519
0.512919, 0.000470135
0.513205, 0.00046896
0.51349, 0.000470839
0.513775, 0.000476513
0.51406, 0.000480662
0.514346, 0.000483935
0.514631, 0.000484506
0.514916, 0.000482715
0.515202, 0.000481821
0.515487, 0.000481634
0.515772, 0.000482677
0.516057, 0.000483712
0.516343, 0.000483278
0.516628, 0.000480404
0.516913, 0.000475787
0.517198, 0.000471614
0.517484, 0.000469433
0.517769, 0.0004698
0.518054, 0.000473824
0.51834, 0.000479718
0.518625, 0.000482129
0.51891, 0.000485283
0.519195, 0.000483507
0.519481, 0.00048242
0.519766, 0.000481874
0.520051, 0.000482365
0.520336, 0.000483638
0.520622, 0.000483944
0.520907, 0.000482239
0.521192, 0.000478163
0.521478, 0.000473553
0.521763, 0.000470417
0.522048, 0.00046952
0.522333, 0.000471828
0.522619, 0.000477848
0.522904, 0.000481411
0.523189, 0.000484852
0.523474, 0.000484718
0.52376, 0.000483094
0.524045, 0.000482259
0.52433, 0.000482185
0.524616, 0.000483335
0.524901, 0.00048425
0.525186, 0.000483549
0.525471, 0.000480394
0.525757, 0.000475714
0.526042, 0.000470958
0.526327, 0.000468996
0.526612, 0.000469762
0.526898, 0.000474253
0.527183, 0.000479828
0.527468, 0.000482293
0.527754, 0.000484991
0.528039, 0.0004831
0.528324, 0.000482091
0.528609, 0.00048164
0.528895, 0.000482295
0.52918, 0.000483559
0.529465, 0.000483698
0.52975, 0.000481672
0.530036, 0.000477421
0.530321, 0.000472902
0.530606, 0.000470037
0.530891, 0.00046946
0.531177, 0.000472233
0.531462, 0.000478434
0.531747, 0.000481568
0.532033, 0.000485093
0.532318, 0.000484334
0.532603, 0.000482912
0.532888, 0.000482155
0.533174, 0.000482222
0.533459, 0.000483455
0.533744, 0.000483965
0.534029, 0.000483041
0.534315, 0.000479613
0.5346, 0.000474906
0.534885, 0.000471149
0.535171, 0.000469493
0.535456, 0.000470648
0.535741, 0.000475573
0.536026, 0.000480676
0.536312, 0.000483327
0.536597, 0.000485388
0.536882, 0.00048345
0.537167, 0.00048248
0.537453, 0.000482107
0.537738, 0.000482917
0.538023, 0.000484116
0.538309, 0.000484062
0.538594, 0.000481714
0.538879, 0.000477297
0.539164, 0.000472878
0.53945, 0.000470262
0.539735, 0.000470013
0.54002, 0.000473238
0.540305, 0.000479442
0.540591, 0.000482206
0.540876, 0.00048568
0.541161, 0.000484402
0.541447, 0.000483167
0.541732, 0.000482486
0.542017, 0.000482704
0.542302, 0.000483972
0.542588, 0.000484585
0.542873, 0.000483377
0.543158, 0.00047969
0.543443, 0.000474996
0.543729, 0.000471451
0.544014, 0.000470068
0.544299, 0.000471635
0.544585, 0.000476991
0.54487, 0.000481558
0.545155, 0.000484613
0.54544, 0.000485763
0.545726, 0.000483888
0.546011, 0.00048296
0.546296, 0.000482695
0.546581, 0.000483646
0.546867, 0.000484752
0.547152, 0.000484489
0.547437, 0.000481827
0.547723, 0.000477285
0.548008, 0.000473006
0.548293, 0.000470645
0.548578, 0.00047075
0.548864, 0.000474441
0.549149, 0.000480507
0.549434, 0.00048301
0.549719, 0.000486325
0.550005, 0.000484717
0.55029, 0.000483582
0.550575, 0.000482982
0.550861, 0.000483354
0.551146, 0.00048463
0.551431, 0.000485071
0.551716, 0.000483555
0.552002, 0.000479636
0.552287, 0.000474988
0.552572, 0.00047168
0.552857, 0.000470589
0.553143, 0.000472588
0.553428, 0.000478366
0.553713, 0.000482316
0.553999, 0.000485653
0.554284, 0.000486003
0.554569, 0.000484263
0.554854, 0.000483383
0.55514, 0.000483229
0.555425, 0.000484303
0.55571, 0.000485288
0.555995, 0.000484785
0.556281, 0.000481835
0.556566, 0.000477214
0.556851, 0.000473119
0.557137, 0.000471021
0.557422, 0.000471495
0.557707, 0.000475643
0.557992, 0.000481425
0.558278, 0.000483819
0.558563, 0.000486847
0.558848, 0.000485017
0.559133, 0.000483952
0.559419, 0.00048343
0.559704, 0.000483957
0.559989, 0.000485222
0.560275, 0.000485474
0.56056, 0.000483655
0.560845, 0.000479535
0.56113, 0.000474371
0.561416, 0.000471298
0.561701, 0.000470508
0.561986, 0.000472964
0.562271, 0.000479056
0.562557, 0.000482469
0.562842, 0.000485934
0.563127, 0.000485602
0.563413, 0.00048406
0.563698, 0.00048326
0.563983, 0.000483235
0.564268, 0.000484419
0.564554, 0.000485293
0.564839, 0.000484533
0.565124, 0.000481307
0.565409, 0.000476626
0.565695, 0.00047274
0.56598, 0.000470913
0.566265, 0.000471796
0.566551, 0.000476411
0.566836, 0.000481812
0.567121, 0.000484316
0.567406, 0.000486818
0.567692, 0.000484901
0.567977, 0.000483899
0.568262, 0.000483472
0.568547, 0.000484173
0.568833, 0.000485404
0.569118, 0.00048529
0.569403, 0.000483167
0.569689, 0.000478859
0.569974, 0.000474371
0.570259, 0.000471589
0.570544, 0.000471112
0.57083, 0.000474022
0.571115, 0.000480229
0.5714, 0.000483203
0.571685, 0.000486683
0.571971, 0.000485742
0.572256, 0.000484397
0.572541, 0.000483668
0.572827, 0.000483783
0.573112, 0.000485022
0.573397, 0.000485746
0.573682, 0.000484697
0.573968, 0.000481186
0.574253, 0.000476484
0.574538, 0.000472812
0.574823, 0.000471253
0.575109, 0.000472549
0.575394, 0.000477611
0.575679, 0.000482518
0.575965, 0.000485267
0.57625, 0.00048705
0.576535, 0.00048513
0.57682, 0.000484171
0.577106, 0.000483835
0.577391, 0.000484694
0.577676, 0.000485852
0.577961, 0.000485721
0.578247, 0.000483268
0.578532, 0.000478815
0.578817, 0.000474466
0.579102, 0.000471946
0.579388, 0.000471816
0.579673, 0.00047519
0.579958, 0.000481334
0.580244, 0.000483975
0.580529, 0.000487402
0.580814, 0.00048598
0.581099, 0.00048478
0.581385, 0.000484126
0.58167, 0.000484391
0.581955, 0.000485658
0.58224, 0.000486219
0.582526, 0.000484891
0.582811, 0.000481126
0.583096, 0.000476448
0.583382, 0.000472997
0.583667, 0.000471727
0.583952, 0.000473448
0.584237, 0.00047895
0.584523, 0.000483284
0.584808, 0.000486452
0.585093, 0.000487285
0.585378, 0.000485471
0.585664, 0.000484567
0.585949, 0.000484347
0.586234, 0.000485343
0.58652, 0.000486396
0.586805, 0.00048605
0.58709, 0.000483287
0.587375, 0.000478724
0.587661, 0.000474521
0.587946, 0.000472263
0.588231, 0.000472504
0.588516, 0.000476353
0.588802, 0.000482294
0.589087, 0.000484725
0.589372, 0.000487966
0.589658, 0.00048625
0.589943, 0.000485131
0.590228, 0.000484555
0.590513, 0.000484984
0.590799, 0.000486249
0.591084, 0.000486608
0.591369, 0.000484994
0.591654, 0.000480999
0.59194, 0.000476385
0.592225, 0.000473185
0.59251, 0.00047221
0.592796, 0.000474375
0.593081, 0.000480295
0.593366, 0.000483995
0.593651, 0.000487354
0.593937, 0.000487438
0.594222, 0.000485781
0.594507, 0.000484938
0.594792, 0.000484831
0.595078, 0.000485948
0.595363, 0.000486889
0.595648, 0.000486259
0.595934, 0.000483201
0.596219, 0.000478561
0.596504, 0.000473708
0.596789, 0.000471674
0.597075, 0.000472322
0.59736, 0.000476664
0.597645, 0.000482307
0.59793, 0.000484745
0.598216, 0.000487579
0.598501, 0.000485715
0.598786, 0.000484683
0.599072, 0.00048421
0.599357, 0.000484819
0.599642, 0.000486079
0.599927, 0.000486261
0.600213, 0.00048434
0.600498, 0.000480162
0.600783, 0.000475647
0.601068, 0.00047273
0.601354, 0.000472067
0.601639, 0.000474704
0.601924, 0.000480847
0.60221, 0.000484067
0.602495, 0.00048755
0.60278, 0.000486951
0.603065, 0.000485494
0.603351, 0.000484726
0.603636, 0.000484757
0.603921, 0.000485968
0.604206, 0.000486522
0.604492, 0.000485646
0.604777, 0.000482299
0.605062, 0.000477604
0.605348, 0.000473809
0.605633, 0.000472094
0.605918, 0.000473148
0.606203, 0.000477944
0.606489, 0.000483144
0.606774, 0.000485723
0.607059, 0.000487926
0.607344, 0.000486015
0.60763, 0.000485046
0.607915, 0.00048466
0.6082, 0.000485434
0.608486, 0.000486635
0.608771, 0.000486615
0.609056, 0.000484364
0.609341, 0.000480002
0.609627, 0.000475576
0.609912, 0.000472914
0.610197, 0.000472584
0.610482, 0.000475688
0.610768, 0.000481869
0.611053, 0.000484679
0.611338, 0.000488167
0.611624, 0.000486983
0.611909, 0.000485705
0.612194, 0.000485004
0.612479, 0.000485181
0.612765, 0.000486431
0.61305, 0.00048707
0.613335, 0.000485921
0.61362, 0.000482301
0.613906, 0.000477621
0.614191, 0.000474052
0.614476, 0.000472625
0.614762, 0.000474108
0.615047, 0.000479357
0.615332, 0.000484012
0.615617, 0.000486968
0.615903, 0.000488292
0.616188, 0.000486404
0.616473, 0.000485472
0.616758, 0.000485179
0.617044, 0.000486095
0.617329, 0.000487215
0.617614, 0.000486981
0.6179, 0.000484393
0.618185, 0.000479896
0.61847, 0.000475612
0.618755, 0.000473217
0.619041, 0.000473255
0.619326, 0.000476844
0.619611, 0.000482908
0.619896, 0.000485434
0.620182, 0.00048878
0.620467, 0.000487223
0.620752, 0.000486072
0.621038, 0.000485458
0.621323, 0.000485802
0.621608, 0.000487068
0.621893, 0.000487528
0.622179, 0.000486089
0.622464, 0.000482222
0.622749, 0.000477588
0.623034, 0.000474254
0.62332, 0.000473118
0.623605, 0.000475035
0.62389, 0.000480722
0.624175, 0.000484745
0.624461, 0.000488021
0.624746, 0.000488489
0.625031, 0.000486734
0.625317, 0.00048585
0.625602, 0.000485683
0.625887, 0.000486728
0.626172, 0.000487726
0.626458, 0.000487247
0.626743, 0.00048435
0.627028, 0.000479761
0.627313, 0.000475648
0.627599, 0.000473522
0.627884, 0.000473949
0.628169, 0.000478018
0.628455, 0.000483823
0.62874, 0.00048619
0.629025, 0.000489254
0.62931, 0.000487469
0.629596, 0.000486408
0.629881, 0.000485877
0.630166, 0.000486386
0.630451, 0.000487648
0.630737, 0.000487916
0.631022, 0.000486144
0.631307, 0.000482062
0.631593, 0.000476904
0.631878, 0.000473813
0.632163, 0.000472986
0.632448, 0.000475376
0.632734, 0.000481412
0.633019, 0.000484858
0.633304, 0.000488308
0.633589, 0.000488043
0.633875, 0.000486481
0.63416, 0.000485672
0.634445, 0.00048563
0.634731, 0.000486796
0.635016, 0.000487672
0.635301, 0.000486943
0.635586, 0.000483758
0.635872, 0.000479108
0.636157, 0.000475222
0.636442, 0.000473377
0.636727, 0.000474219
0.637013, 0.00047877
0.637298, 0.000484189
0.637583, 0.000486665
0.637869, 0.000489203
0.638154, 0.000487301
0.638439, 0.000486302
0.638724, 0.000485867
0.63901, 0.000486548
0.639295, 0.000487776
0.63958, 0.000487681
0.639865, 0.000485589
0.640151, 0.000481315
0.640436, 0.000476836
0.640721, 0.000474042
0.641007, 0.00047354
0.641292, 0.000476402
0.641577, 0.000482569
0.641862, 0.00048556
0.642148, 0.000489028
0.642433, 0.000488133
0.642718, 0.000486781
0.643003, 0.000486049
0.643289, 0.000486157
0.643574, 0.000487388
0.643859, 0.000488108
0.644145, 0.000487099
0.64443, 0.000483622
0.644715, 0.000478937
0.645, 0.000475261
0.645286, 0.000473689
0.645571, 0.000474952
0.645856, 0.000479962
0.646141, 0.000484869
0.646427, 0.000487586
0.646712, 0.000489407
0.646997, 0.00048749
0.647283, 0.00048653
0.647568, 0.000486187
0.647853, 0.000487031
0.648138, 0.000488186
0.648424, 0.000488062
0.648709, 0.000485637
0.648994, 0.000481209
0.649279, 0.000476865
0.649565, 0.000474346
0.64985, 0.000474204
0.650135, 0.000477554
0.650421, 0.000483673
0.650706, 0.000486311
0.650991, 0.000489726
0.651276, 0.000488322
0.651562, 0.000487121
0.651847, 0.000486466
0.652132, 0.000486719
0.652417, 0.000487977
0.652703, 0.000488529
0.652988, 0.000487215
0.653273, 0.000483478
0.653559, 0.000478821
0.653844, 0.000475379
0.654129, 0.000474108
0.654414, 0.000475815
0.6547, 0.00048128
0.654985, 0.000485605
0.65527, 0.000488754
0.655555, 0.000489597
0.655841, 0.000487788
0.656126, 0.000486886
0.656411, 0.000486662
0.656697, 0.000487649
0.656982, 0.000488694
0.657267, 0.000488351
0.657552, 0.000485604
0.657838, 0.000481064
0.658123, 0.000476879
0.658408, 0.000474629
0.658693, 0.000474865
0.658979, 0.000478701
0.659264, 0.000484615
0.659549, 0.000487032
0.659835, 0.000490257
0.66012, 0.000488549
0.660405, 0.000487435
0.66069, 0.00048686
0.660976, 0.000487286
0.661261, 0.000488544
0.661546, 0.000488897
0.661831, 0.000487287
0.662117, 0.00048331
0.662402, 0.000478716
0.662687, 0.000475531
0.662973, 0.000474561
0.663258, 0.000476728
0.663543, 0.000482622
0.663828, 0.000486292
0.664114, 0.000489638
0.664399, 0.00048971
0.664684, 0.000488064
0.664969, 0.000487224
0.665255, 0.000487119
0.66554, 0.000488229
0.665825, 0.000489159
0.666111, 0.000488529
0.666396, 0.000485479
0.666681, 0.000480859
0.666966, 0.00047601
0.667252, 0.00047399
0.667537, 0.000474649
0.667822, 0.000478982
0.668107, 0.000484588
0.668393, 0.000487015
0.668678, 0.000489815
0.668963, 0.000487959
0.669248, 0.000486934
0.669534, 0.000486465
0.669819, 0.000487077
0.670104, 0.000488326
0.67039, 0.000488501
0.670675, 0.000486574
0.67096, 0.000482404
0.671245, 0.00047791
0.671531, 0.000475013
0.671816, 0.000474365
0.672101, 0.000477019
0.672386, 0.000483137
0.672672, 0.000486317
0.672957, 0.000489788
0.673242, 0.000489161
0.673528, 0.000487719
0.673813, 0.000486955
0.674098, 0.000486996
0.674383, 0.000488201
0.674669, 0.000488704
0.674954, 0.000487819
0.675239, 0.00048447
0.675524, 0.000479794
0.67581, 0.000476028
0.676095, 0.000474335
0.67638, 0.000475413
0.676666, 0.00048022
0.676951, 0.000485363
0.677236, 0.000487938
0.677521, 0.000490087
0.677807, 0.000488184
0.678092, 0.000487224
0.678377, 0.000486842
0.678662, 0.000487622
0.678948, 0.000488815
0.679233, 0.000488785
0.679518, 0.000486499
0.679804, 0.000482146
0.680089, 0.00047775
0.680374, 0.000475119
0.680659, 0.000474817
0.680945, 0.000477948
0.68123, 0.000484097
0.681515, 0.000486869
0.6818, 0.000490332
0.682086, 0.000489118
0.682371, 0.000487867
0.682656, 0.000487175
0.682942, 0.000487368
0.683227, 0.000488614
0.683512, 0.00048923
0.683797, 0.000488061
0.684083, 0.000484432
0.684368, 0.000479784
0.684653, 0.000476248
0.684938, 0.000474847
0.685224, 0.000476359
0.685509, 0.000481626
0.685794, 0.000486199
0.68608, 0.000489181
0.686365, 0.000490405
0.68665, 0.000488543
0.686935, 0.000487622
0.687221, 0.000487345
0.687506, 0.000488272
0.687791, 0.000489373
0.688076, 0.000489127
0.688362, 0.000486513
0.688647, 0.000482018
0.688932, 0.000477763
0.689218, 0.000475401
0.689503, 0.000475479
0.689788, 0.000479108
0.690073, 0.000485132
0.690359, 0.000487617
0.690644, 0.000490915
0.690929, 0.000489338
0.691214, 0.000488208
0.6915, 0.000487608
0.691785, 0.000487975
0.69207, 0.000489238
0.692356, 0.000489672
0.692641, 0.000488194
0.692926, 0.000484315
0.693211, 0.000479701
0.693497, 0.000476411
0.693782, 0.000475316
0.694067, 0.000477281
0.694352, 0.000483001
0.694638, 0.000486921
0.694923, 0.000490223
0.695208, 0.000490579
0.695494, 0.000488852
0.695779, 0.000487976
0.696064, 0.000487819
0.696349, 0.000488876
0.696635, 0.000489849
0.69692, 0.000489343
0.697205, 0.000486418
0.69749, 0.000481837
0.697776, 0.000477778
0.698061, 0.000475698
0.698346, 0.000476173
0.698632, 0.000480292
0.698917, 0.000486013
0.699202, 0.000488382
0.699487, 0.000491372
0.699773, 0.000489558
0.700058, 0.000488503
0.700343, 0.000487987
0.700628, 0.00048851
0.700914, 0.000489758
0.701199, 0.000490001
0.701484, 0.000488187
0.70177, 0.000484098
0.702055, 0.000478959
0.70234, 0.000475919
0.702625, 0.000475143
0.702911, 0.000477604
0.703196, 0.000483655
0.703481, 0.000487005
0.703766, 0.000490434
0.704052, 0.00049007
0.704337, 0.000488558
0.704622, 0.000487769
0.704908, 0.000487753
0.705193, 0.00048893
0.705478, 0.000489781
0.705763, 0.000489006
0.706049, 0.000485789
0.706334, 0.000481141
0.706619, 0.000477301
0.706904, 0.000475509
0.70719, 0.000476417
0.707475, 0.000481027
0.70776, 0.00048634
0.708046, 0.000488846
0.708331, 0.000491269
0.708616, 0.00048936
0.708901, 0.000488363
0.709187, 0.000487941
0.709472, 0.000488648
0.709757, 0.000489855
0.710042, 0.000489695
0.710328, 0.000487562
0.710613, 0.000483276
0.710898, 0.000478844
0.711184, 0.000476115
0.711469, 0.000475681
0.711754, 0.000478622
0.712039, 0.000484766
0.712325, 0.000487666
0.71261, 0.00049113
0.712895, 0.000490116
0.71318, 0.000488793
0.713466, 0.000488072
0.713751, 0.000488195
0.714036, 0.000489424
0.714322, 0.000490112
0.714607, 0.000489038
0.714892, 0.000485523
0.715177, 0.000480862
0.715463, 0.000477248
0.715748, 0.000475742
0.716033, 0.000477093
0.716318, 0.000482179
0.716604, 0.000486966
0.716889, 0.000489738
0.717174, 0.000491368
0.717459, 0.000489483
0.717745, 0.000488548
0.71803, 0.000488231
0.718315, 0.000489104
0.718601, 0.000490234
0.718886, 0.00049007
0.719171, 0.000487589
0.719456, 0.00048315
0.719742, 0.000478852
0.720027, 0.000476397
0.720312, 0.00047633
0.720597, 0.000479767
0.720883, 0.00048583
0.721168, 0.000488394
0.721453, 0.000491773
0.721739, 0.000490296
0.722024, 0.000489116
0.722309, 0.000488475
0.722594, 0.000488766
0.72288, 0.000490018
0.723165, 0.000490515
0.72345, 0.00048915
0.723735, 0.000485367
0.724021, 0.000480741
0.724306, 0.000477368
0.724591, 0.000476166
0.724877, 0.000477967
0.725162, 0.000483518
0.725447, 0.000487681
0.725732, 0.000490868
0.726018, 0.000491524
0.726303, 0.000489749
0.726588, 0.000488862
0.726873, 0.000488665
0.727159, 0.000489675
0.727444, 0.000490691
0.727729, 0.000490273
0.728015, 0.000487466
0.7283, 0.00048292
0.728585, 0.000478788
0.72887, 0.000476613
0.729156, 0.000476945
0.729441, 0.000480885
0.729726, 0.000486714
0.730011, 0.000489088
0.730297, 0.000492219
0.730582, 0.000490477
0.730867, 0.000489397
0.731153, 0.000488849
0.731438, 0.00048932
0.731723, 0.000490568
0.732008, 0.000490869
0.732294, 0.000489197
0.732579, 0.000485179
0.732864, 0.000480627
0.733149, 0.000477522
0.733435, 0.000476627
0.73372, 0.0004789
0.734005, 0.000484833
0.734291, 0.000488346
0.734576, 0.000491735
0.734861, 0.000491607
0.735146, 0.000490008
0.735432, 0.000489183
0.735717, 0.000489107
0.736002, 0.000490236
0.736287, 0.000491127
0.736573, 0.000490425
0.736858, 0.000487306
0.737143, 0.000482687
0.737429, 0.000477851
0.737714, 0.000475905
0.737999, 0.000476674
0.738284, 0.000481126
0.73857, 0.000486603
0.738855, 0.000489032
0.73914, 0.00049167
0.739425, 0.0004898
0.739711, 0.000488808
0.739996, 0.000488368
0.740281, 0.000489022
0.740567, 0.00049026
0.740852, 0.000490378
0.741137, 0.000488355
0.741422, 0.000484148
0.741708, 0.00047969
0.741993, 0.000476877
0.742278, 0.000476328
0.742563, 0.000479112
0.742849, 0.000485237
0.743134, 0.000488282
0.743419, 0.000491752
0.743705, 0.000490954
0.74399, 0.00048958
0.744275, 0.000488842
0.74456, 0.000488928
0.744846, 0.000490144
0.745131, 0.000490583
0.745416, 0.000489634
0.745701, 0.000486214
0.745987, 0.000481564
0.746272, 0.000477877
0.746557, 0.000476273
0.746843, 0.000477473
0.747128, 0.000482396
0.747413, 0.000487353
0.747698, 0.000490002
0.747984, 0.000491927
0.748269, 0.000490021
0.748554, 0.000489068
0.748839, 0.000488717
0.749125, 0.00048954
0.74941, 0.000490698
0.749695, 0.000490605
0.749981, 0.000488231
0.750266, 0.000483844
0.750551, 0.000479501
0.750836, 0.000476962
0.751122, 0.000476776
0.751407, 0.000480056
0.751692, 0.000486168
0.751977, 0.000488828
0.752263, 0.000492225
0.752548, 0.000490886
0.752833, 0.0004897
0.753119, 0.000489044
0.753404, 0.000489292
0.753689, 0.000490544
0.753974, 0.000491111
0.75426, 0.000489827
0.754545, 0.000486137
0.75483, 0.000481503
0.755115, 0.000478054
0.755401, 0.000476755
0.755686, 0.000478406
0.755971, 0.000483802
0.756257, 0.00048816
0.756542, 0.000491277
0.756827, 0.000492183
0.757112, 0.000490369
0.757398, 0.000489464
0.757683, 0.00048923
0.757968, 0.000490198
0.758253, 0.000491246
0.758539, 0.000490924
0.758824, 0.000488211
0.759109, 0.000483705
0.759395, 0.000479531
0.75968, 0.00047727
0.759965, 0.000477475
0.76025, 0.000481257
0.760536, 0.000487163
0.760821, 0.000489576
0.761106, 0.000492795
0.761391, 0.000491119
0.761677, 0.000490015
0.761962, 0.000489442
0.762247, 0.000489859
0.762532, 0.00049111
0.762818, 0.000491487
0.763103, 0.000489899
0.763388, 0.000485954
0.763674, 0.000481373
0.763959, 0.000478186
0.764244, 0.000477201
0.764529, 0.000479329
0.764815, 0.00048518
0.7651, 0.000488861
0.765385, 0.00049218
0.76567, 0.000492289
0.765956, 0.000490649
0.766241, 0.000489809
0.766526, 0.000489701
0.766812, 0.000490801
0.767097, 0.000491731
0.767382, 0.000491118
0.767667, 0.000488094
0.767953, 0.0004835
0.768238, 0.00047952
0.768523, 0.000477545
0.768808, 0.000478167
0.769094, 0.000482444
0.769379, 0.000488008
0.769664, 0.000490403
0.76995, 0.000493193
0.770235, 0.000491341
0.77052, 0.000490311
0.770805, 0.00048983
0.771091, 0.000490418
0.771376, 0.000491644
0.771661, 0.000491805
0.771946, 0.000489884
0.772232, 0.000485735
0.772517, 0.000480656
0.772802, 0.00047773
0.773088, 0.000477072
0.773373, 0.000479699
0.773658, 0.000485776
0.773943, 0.000488937
0.774229, 0.000492386
0.774514, 0.000491767
0.774799, 0.000490327
0.775084, 0.000489564
0.77537, 0.0004896
0.775655, 0.000490797
0.77594, 0.0004916
0.776226, 0.000490713
0.776511, 0.000487385
0.776796, 0.000482738
0.777081, 0.000478996
0.777367, 0.000477316
0.777652, 0.00047839
0.777937, 0.000483173
0.778222, 0.000488292
0.778508, 0.000490856
0.778793, 0.000492991
0.779078, 0.000491103
0.779364, 0.000490151
0.779649, 0.000489773
0.779934, 0.00049055
0.780219, 0.000491733
0.780505, 0.000491491
0.78079, 0.000489217
0.781075, 0.000484884
0.78136, 0.000480511
0.781646, 0.000477896
0.781931, 0.000477598
0.782216, 0.000480726
0.782502, 0.000486835
0.782787, 0.000489579
0.783072, 0.000493017
0.783357, 0.000491796
0.783643, 0.000490557
0.783928, 0.000489871
0.784213, 0.000490065
0.784498, 0.000491301
0.784784, 0.000491905
0.785069, 0.000490735
0.785354, 0.000487116
0.78564, 0.000482492
0.785925, 0.000478982
0.78621, 0.000477597
0.786495, 0.000479121
0.786781, 0.000484377
0.787066, 0.000488902
0.787351, 0.000491887
0.787636, 0.000493062
0.787922, 0.000491215
0.788207, 0.000490301
0.788492, 0.00049003
0.788778, 0.000490961
0.789063, 0.000492046
0.789348, 0.000491788
0.789633, 0.000489171
0.789919, 0.000484692
0.790204, 0.000480467
0.790489, 0.000478131
0.790774, 0.000478227
0.79106, 0.000481868
0.791345, 0.000487845
0.79163, 0.000490301
0.791916, 0.000493564
0.792201, 0.000491979
0.792486, 0.000490862
0.792771, 0.000490267
0.793057, 0.000490637
0.793342, 0.000491891
0.793627, 0.00049231
0.793912, 0.000490807
0.794198, 0.000486932
0.794483, 0.000482346
0.794768, 0.000479092
0.795054, 0.000478025
0.795339, 0.000480021
0.795624, 0.000485745
0.795909, 0.000489589
0.796195, 0.000492882
0.79648, 0.00049318
0.796765, 0.000491482
0.79705, 0.00049062
0.797336, 0.000490475
0.797621, 0.000491535
0.797906, 0.000492485
0.798192, 0.000491966
0.798477, 0.000489024
0.798762, 0.000484461
0.799047, 0.000480438
0.799333, 0.00047839
0.799618, 0.0004789
0.799903, 0.000483041
0.800188, 0.000488702
0.800474, 0.000491057
0.800759, 0.000493982
0.801044, 0.000492164
0.80133, 0.00049112
0.801615, 0.000490614
0.8019, 0.000491156
0.802185, 0.000492391
0.802471, 0.000492617
0.802756, 0.000490776
0.803041, 0.000486683
0.803326, 0.000482171
0.803612, 0.000479204
0.803897, 0.000478456
0.804182, 0.000480946
0.804468, 0.000486974
0.804753, 0.000490241
0.805038, 0.000493642
0.805323, 0.000493202
0.805609, 0.000491718
0.805894, 0.000490936
0.806179, 0.000490927
0.806464, 0.000492097
0.80675, 0.000492918
0.807035, 0.000492087
0.80732, 0.000488841
0.807606, 0.000483292
0.807891, 0.000479441
0.808176, 0.000477693
0.808461, 0.000478658
0.808747, 0.000483317
0.809032, 0.000488548
0.809317, 0.000491072
0.809602, 0.000493388
0.809888, 0.000491496
0.810173, 0.000490522
0.810458, 0.000490123
0.810743, 0.000490857
0.811029, 0.000492056
0.811314, 0.000492078
0.811599, 0.000489908
0.811885, 0.000485631
0.81217, 0.000481247
0.812455, 0.000478577
0.81274, 0.0004782
0.813026, 0.000481207
0.813311, 0.000487331
0.813596, 0.000490167
0.813881, 0.000493615
0.814167, 0.000492533
0.814452, 0.000491258
0.814737, 0.000490563
0.815023, 0.000490724
0.815308, 0.000491958
0.815593, 0.000492291
0.815878, 0.00049119
0.816164, 0.000487642
0.816449, 0.000483
0.816734, 0.000479438
0.817019, 0.000477982
0.817305, 0.000479398
0.81759, 0.000484542
0.817875, 0.00048922
0.818161, 0.000492048
0.818446, 0.000493504
0.818731, 0.000491648
0.819016, 0.000490734
0.819302, 0.000490441
0.819587, 0.000491338
0.819872, 0.000492452
0.820157, 0.000492235
0.820443, 0.000489698
0.820728, 0.000485262
0.821013, 0.000481011
0.821299, 0.000478616
0.821584, 0.00047862
0.821869, 0.00048214
0.822154, 0.000488153
0.82244, 0.000490662
0.822725, 0.000493992
0.82301, 0.000492471
0.823295, 0.000491325
0.823581, 0.000490711
0.823866, 0.000491041
0.824151, 0.00049229
0.824437, 0.000492746
0.824722, 0.000491339
0.825007, 0.000487522
0.825292, 0.000482935
0.825578, 0.000479624
0.825863, 0.000478486
0.826148, 0.000480373
0.826433, 0.000485988
0.826719, 0.000489986
0.827004, 0.000493216
0.827289, 0.0004937
0.827575, 0.000491964
0.82786, 0.000491091
0.828145, 0.000490923
0.82843, 0.000491954
0.828716, 0.00049294
0.829001, 0.000492475
0.829286, 0.00048961
0.829571, 0.000485064
0.829857, 0.00048099
0.830142, 0.000478883
0.830427, 0.000479302
0.830713, 0.000483333
0.830998, 0.000489075
0.831283, 0.000491414
0.831568, 0.000494443
0.831854, 0.000492677
0.832139, 0.00049163
0.832424, 0.000491107
0.832709, 0.000491615
0.832995, 0.000492857
0.83328, 0.000493112
0.833565, 0.000491351
0.833851, 0.000487307
0.834136, 0.000482788
0.834421, 0.000479761
0.834706, 0.000478941
0.834992, 0.00048132
0.835277, 0.000487286
0.835562, 0.000490655
0.835847, 0.000494057
0.836133, 0.000493757
0.836418, 0.000492225
0.836703, 0.000491423
0.836989, 0.000491382
0.837274, 0.00049253
0.837559, 0.000493376
0.837844, 0.000492627
0.83813, 0.000489449
0.838415, 0.000484833
0.8387, 0.000480992
0.838985, 0.000479173
0.839271, 0.000480027
0.839556, 0.000484559
0.839841, 0.000489863
0.840127, 0.000492314
0.840412, 0.000494769
0.840697, 0.000492879
0.840982, 0.000491886
0.841268, 0.000491457
0.841553, 0.000492139
0.841838, 0.000493333
0.842123, 0.000493383
0.842409, 0.000491275
0.842694, 0.000487029
0.842979, 0.000482012
0.843265, 0.000479247
0.84355, 0.00047879
0.843835, 0.000481686
0.84412, 0.000487799
0.844406, 0.000490711
0.844691, 0.000494141
0.844976, 0.000493187
0.845261, 0.000491879
0.845547, 0.000491169
0.845832, 0.000491294
0.846117, 0.000492518
0.846403, 0.000493215
0.846688, 0.000492161
0.846973, 0.00048869
0.847258, 0.000484061
0.847544, 0.00048046
0.847829, 0.000478949
0.848114, 0.000480271
0.848399, 0.000485308
0.848685, 0.000490089
0.84897, 0.000492835
0.849255, 0.000494498
0.849541, 0.000492629
0.849826, 0.000491701
0.850111, 0.000491387
0.850396, 0.000492251
0.850682, 0.000493169
0.850967, 0.000493019
0.851252, 0.00049056
0.851537, 0.000486154
0.851823, 0.000481878
0.852108, 0.000479429
0.852393, 0.000479349
0.852679, 0.000482759
0.852964, 0.000488791
0.853249, 0.000491341
0.853534, 0.000494703
0.85382, 0.000493245
0.854105, 0.000492073
0.85439, 0.000491437
0.854675, 0.000491727
0.854961, 0.000492969
0.855246, 0.00049346
0.855531, 0.000492106
0.855816, 0.000488348
0.856102, 0.00048375
0.856387, 0.000480397
0.856672, 0.000479201
0.856958, 0.000480991
0.857243, 0.000486511
0.857528, 0.000490646
0.857813, 0.000493821
0.858099, 0.00049447
0.858384, 0.000492709
0.858669, 0.000491829
0.858954, 0.000491633
0.85924, 0.000492638
0.859525, 0.000493645
0.85981, 0.000493226
0.860096, 0.000490431
0.860381, 0.000485914
0.860666, 0.000481807
0.860951, 0.000479649
0.861237, 0.000479985
0.861522, 0.000483911
0.861807, 0.000489697
0.862092, 0.000492054
0.862378, 0.000495157
0.862663, 0.000493424
0.862948, 0.000492357
0.863234, 0.000491815
0.863519, 0.00049229
0.863804, 0.000493531
0.864089, 0.000493821
0.864375, 0.000492146
0.86466, 0.000488146
0.864945, 0.00048362
0.86523, 0.000480545
0.865516, 0.000479668
0.865801, 0.00048195
0.866086, 0.000487858
0.866372, 0.000491321
0.866657, 0.000494714
0.866942, 0.000494541
0.867227, 0.000492956
0.867513, 0.000492134
0.867798, 0.000492058
0.868083, 0.000493182
0.868368, 0.00049405
0.868654, 0.000493347
0.868939, 0.000490233
0.869224, 0.000485638
0.86951, 0.000481756
0.869795, 0.000479894
0.87008, 0.000480668
0.870365, 0.000485106
0.870651, 0.000490495
0.870936, 0.000492911
0.871221, 0.000495481
0.871506, 0.000493598
0.871792, 0.000492596
0.872077, 0.000492143
0.872362, 0.000492788
0.872648, 0.000493993
0.872933, 0.000494084
0.873218, 0.000492042
0.873503, 0.000487841
0.873789, 0.000483407
0.874074, 0.000480625
0.874359, 0.000480099
0.874644, 0.000482893
0.87493, 0.00048897
0.875215, 0.000491943
0.8755, 0.000495369
0.875786, 0.000494518
0.876071, 0.000493166
0.876356, 0.000492432
0.876641, 0.000492521
0.876927, 0.000493726
0.877212, 0.000494434
0.877497, 0.000493448
0.877782, 0.000490024
0.878068, 0.00048442
0.878353, 0.000480714
0.878638, 0.000479157
0.878924, 0.0004804
0.879209, 0.000485357
0.879494, 0.00049023
0.879779, 0.000492919
0.880065, 0.000494749
0.88035, 0.000492859
0.880635, 0.000491915
0.88092, 0.000491579
0.881206, 0.000492415
0.881491, 0.000493559
0.881776, 0.000493443
0.882062, 0.000491055
0.882347, 0.000486687
0.882632, 0.000482401
0.882917, 0.000479921
0.883203, 0.000479793
0.883488, 0.000483126
0.883773, 0.000489189
0.884058, 0.000491802
0.884344, 0.000495187
0.884629, 0.0004938
0.884914, 0.000492626
0.8852, 0.000491988
0.885485, 0.000492251
0.88577, 0.0004935
0.886055, 0.000493714
0.886341, 0.000492413
0.886626, 0.00048871
0.886911, 0.000484105
0.887196, 0.000480712
0.887482, 0.000479469
0.887767, 0.000481182
0.888052, 0.000486623
0.888338, 0.000490871
0.888623, 0.000493997
0.888908, 0.000494787
0.889193, 0.000493016
0.889479, 0.000492133
0.889764, 0.000491925
0.890049, 0.000492913
0.890334, 0.00049394
0.89062, 0.000493585
0.890905, 0.000490841
0.89119, 0.000486341
0.891476, 0.000482213
0.891761, 0.000480014
0.892046, 0.000480286
0.892331, 0.000484131
0.892617, 0.000489958
0.892902, 0.000492337
0.893187, 0.000495507
0.893472, 0.0004938
0.893758, 0.00049271
0.894043, 0.000492154
0.894328, 0.000492595
0.894614, 0.000493836
0.894899, 0.000494158
0.895184, 0.000492536
0.895469, 0.000488574
0.895755, 0.000484052
0.89604, 0.000480933
0.896325, 0.00048001
0.89661, 0.000482217
0.896896, 0.000488083
0.897181, 0.000491633
0.897466, 0.000494982
0.897752, 0.000494938
0.898037, 0.000493332
0.898322, 0.000492507
0.898607, 0.000492415
0.898893, 0.000493527
0.899178, 0.000494432
0.899463, 0.000493773
0.899748, 0.000490708
0.900034, 0.000486123
0.900319, 0.000482201
0.900604, 0.000480293
0.900889, 0.000481001
0.901175, 0.000485358
0.90146, 0.000490821
0.901745, 0.000493213
0.902031, 0.000495865
0.902316, 0.000494016
0.902601, 0.000493018
0.902886, 0.00049256
0.903172, 0.000493186
0.903457, 0.000494402
0.903742, 0.000494521
0.904027, 0.000492536
0.904313, 0.000488362
0.904598, 0.000483921
0.904883, 0.000481097
0.905169, 0.000480513
0.905454, 0.000483226
0.905739, 0.000489283
0.906024, 0.000492319
0.90631, 0.000495755
0.906595, 0.000494985
0.90688, 0.000493594
0.907165, 0.000492845
0.907451, 0.000492905
0.907736, 0.000494097
0.908021, 0.000494824
0.908307, 0.000493885
0.908592, 0.000490503
0.908877, 0.000485889
0.909162, 0.000482217
0.909448, 0.000480607
0.909733, 0.000481774
0.910018, 0.000486633
0.910303, 0.00049157
0.910589, 0.00049418
0.910874, 0.00049611
0.911159, 0.000494216
0.911445, 0.000493267
0.91173, 0.000492907
0.912015, 0.00049371
0.9123, 0.000494855
0.912586, 0.000494771
0.912871, 0.00049242
0.913156, 0.000488067
0.913441, 0.000483148
0.913727, 0.000480587
0.914012, 0.000480393
0.914297, 0.000483639
0.914583, 0.000489711
0.914868, 0.000492358
0.915153, 0.000495737
0.915438, 0.00049442
0.915724, 0.000493244
0.916009, 0.000492594
0.916294, 0.00049284
0.916579, 0.000494084
0.916865, 0.00049465
0.91715, 0.000493381
0.917435, 0.000489724
0.917721, 0.000485129
0.918006, 0.000481708
0.918291, 0.000480423
0.918576, 0.000482068
0.918862, 0.000487433
0.919147, 0.000491766
0.919432, 0.000494867
0.919717, 0.000495765
0.920003, 0.000493971
0.920288, 0.000493078
0.920573, 0.00049285
0.920859, 0.000493818
0.921144, 0.000494645
0.921429, 0.000494326
0.921714, 0.000491625
0.922, 0.000487147
0.922285, 0.000483005
0.92257, 0.000480764
0.922855, 0.00048098
0.923141, 0.000484751
0.923426, 0.000490612
0.923711, 0.000492999
0.923997, 0.000496189
0.924282, 0.000494517
0.924567, 0.000493422
0.924852, 0.000492854
0.925138, 0.000493273
0.925423, 0.000494512
0.925708, 0.000494863
0.925993, 0.000493279
0.926279, 0.000489356
0.926564, 0.000484813
0.926849, 0.000481662
0.927135, 0.000480698
0.92742, 0.000482836
0.927705, 0.000488662
0.92799, 0.000492285
0.928276, 0.000495597
0.928561, 0.000495664
0.928846, 0.000494043
0.929131, 0.000493215
0.929417, 0.000493114
0.929702, 0.000494209
0.929987, 0.00049512
0.930273, 0.000494489
0.930558, 0.00049147
0.930843, 0.000486904
0.931128, 0.000482962
0.931414, 0.00048102
0.931699, 0.000481667
0.931984, 0.000485952
0.932269, 0.000491454
0.932555, 0.000493837
0.93284, 0.00049656
0.933125, 0.000494719
0.933411, 0.000493707
0.933696, 0.000493235
0.933981, 0.000493838
0.934266, 0.000495052
0.934552, 0.000495198
0.934837, 0.000493267
0.935122, 0.000489122
0.935407, 0.000484675
0.935693, 0.000481821
0.935978, 0.000481194
0.936263, 0.000483845
0.936549, 0.000489878
0.936834, 0.000492962
0.937119, 0.000496398
0.937404, 0.000495702
0.93769, 0.000494278
0.937975, 0.000493515
0.93826, 0.000493552
0.938545, 0.000494732
0.938831, 0.000495479
0.939116, 0.000494567
0.939401, 0.000491229
0.939687, 0.000486614
0.939972, 0.000482921
0.940257, 0.000481281
0.940542, 0.000482395
0.940828, 0.000487192
0.941113, 0.000492188
0.941398, 0.000494762
0.941683, 0.000496788
0.941969, 0.00049489
0.942254, 0.000493935
0.942539, 0.00049356
0.942825, 0.000494336
0.94311, 0.000495491
0.943395, 0.000495423
0.94368, 0.000493118
0.943966, 0.000488794
0.944251, 0.000484466
0.944536, 0.000481906
0.944821, 0.000481664
0.945107, 0.00048484
0.945392, 0.000490894
0.945677, 0.000493566
0.945963, 0.000496948
0.946248, 0.000495673
0.946533, 0.00049448
0.946818, 0.000493813
0.947104, 0.000494032
0.947389, 0.000495261
0.947674, 0.000495831
0.947959, 0.000494615
0.948245, 0.000490982
0.94853, 0.000485435
0.948815, 0.000481928
0.9491, 0.000480612
0.949386, 0.000482208
0.949671, 0.000487521
0.949956, 0.000491915
0.950242, 0.000495001
0.950527, 0.000495987
0.950812, 0.000494177
0.951097, 0.000493275
0.951383, 0.000493034
0.951668, 0.000493985
0.951953, 0.000495046
0.952238, 0.000494751
0.952524, 0.000492102
0.952809, 0.000487648
0.953094, 0.000483507
0.95338, 0.000481249
0.953665, 0.000481433
0.95395, 0.000485157
0.954235, 0.000491054
0.954521, 0.000493466
0.954806, 0.000496687
0.955091, 0.000495051
0.955376, 0.00049396
0.955662, 0.000493392
0.955947, 0.000493795
0.956232, 0.000495042
0.956518, 0.000495076
0.956803, 0.000493532
0.957088, 0.000489638
0.957373, 0.000485087
0.957659, 0.000481908
0.957944, 0.000480914
0.958229, 0.000483002
0.958514, 0.000488794
0.9588, 0.000492482
0.959085, 0.000495773
0.95937, 0.00049592
0.959656, 0.000494287
0.959941, 0.000493453
0.960226, 0.000493342
0.960511, 0.00049443
0.960797, 0.000495356
0.961082, 0.000494768
0.961367, 0.000491776
0.961652, 0.000487223
0.961938, 0.000483267
0.962223, 0.000481301
0.962508, 0.000481908
0.962794, 0.000486143
0.963079, 0.000491683
0.963364, 0.00049406
0.963649, 0.000496846
0.963935, 0.000495011
0.96422, 0.000493988
0.964505, 0.00049351
0.96479, 0.000494093
0.965076, 0.000495313
0.965361, 0.000495477
0.965646, 0.000493575
0.965932, 0.000489458
0.966217, 0.000485012
0.966502, 0.000482135
0.966787, 0.000481472
0.967073, 0.000484076
0.967358, 0.000490095
0.967643, 0.00049322
0.967928, 0.000496632
0.968214, 0.000496009
0.968499, 0.000494577
0.968784, 0.000493814
0.96907, 0.000493842
0.969355, 0.000495019
0.96964, 0.000495797
0.969925, 0.000494909
0.970211, 0.000491599
0.970496, 0.000486981
0.970781, 0.000483268
0.971066, 0.000481598
0.971352, 0.000482668
0.971637, 0.000487418
0.971922, 0.000492466
0.972208, 0.000495005
0.972493, 0.000497097
0.972778, 0.000495219
0.973063, 0.000494271
0.973349, 0.000493895
0.973634, 0.000494663
0.973919, 0.000495823
0.974204, 0.000495772
0.97449, 0.000493493
0.974775, 0.000489189
0.97506, 0.000484854
0.975346, 0.000482269
0.975631, 0.000481987
0.975916, 0.000485111
0.976201, 0.000491165
0.976487, 0.000493864
0.976772, 0.000497261
0.977057, 0.000496028
0.977342, 0.000494813
0.977628, 0.000494137
0.977913, 0.00049434
0.978198, 0.000495565
0.978484, 0.000496149
0.978769, 0.000494963
0.979054, 0.000491355
0.979339, 0.000486763
0.979625, 0.000483294
0.97991, 0.000481939
0.980195, 0.000483482
0.98048, 0.000488729
0.980766, 0.000493161
0.981051, 0.000496184
0.981336, 0.000497247
0.981622, 0.000495418
0.981907, 0.000494506
0.982192, 0.000494241
0.982477, 0.000495169
0.982763, 0.000496224
0.983048, 0.000495928
0.983333, 0.000493303
0.983618, 0.000488855
0.983904, 0.000484091
0.984189, 0.000481774
0.984474, 0.000481921
0.98476, 0.000485594
0.985045, 0.0004915
0.98533, 0.000493922
0.985615, 0.000497157
0.985901, 0.000495543
0.986186, 0.000494441
0.986471, 0.00049386
0.986756, 0.000494245
0.987042, 0.000495492
0.987327, 0.000495888
0.987612, 0.000494368
0.987898, 0.000490508
0.988183, 0.000485965
0.988468, 0.000482775
0.988753, 0.000481763
0.989039, 0.000483813
0.989324, 0.000489563
0.989609, 0.000493305
0.989894, 0.000496588
0.99018, 0.000496796
0.990465, 0.00049515
0.99075, 0.000494313
0.991036, 0.000494194
0.991321, 0.000495271
0.991606, 0.000495986
0.991891, 0.000495437
0.992177, 0.000492474
0.992462, 0.000487928
0.992747, 0.000483959
0.993032, 0.000481969
0.993318, 0.000482541
0.993603, 0.00048673
0.993888, 0.000492289
0.994173, 0.000494653
0.994459, 0.000497478
0.994744, 0.000495647
0.995029, 0.000494613
0.995315, 0.000494124
0.9956, 0.000494686
0.995885, 0.000495904
0.99617, 0.000496081
0.996456, 0.000494207
0.996741, 0.000490113
0.997026, 0.000485668
0.997311, 0.000482775
0.997597, 0.000482091
0.997882, 0.000484655
0.998167, 0.000490659
0.998453, 0.000493815
0.998738, 0.000497222
0.999023, 0.000496647
0.999308, 0.000495202
0.999594, 0.000494436
0.999879, 0.00049445
